function [P] = safcurve1(Cr)
Pr=[
    
                 8064.5161290322580645161290322581.*Cr-1837.0967741935483870967741935484+.29447449328234737282632784021549e-1.*((75000000000..*(-7288594526340000000..*Cr+333484847851185.+63972517500000000000..*Cr.^2-140400000000000000000..*Cr.^3+60..*(-.26493160689641692782000000000000e36.*Cr.^3+.15779246054279195697356531250000e35.*Cr.^2+.17246084372015737500000000000000e37.*Cr.^4-94938443558223153452592340500000..*Cr-.50239638450000000000000000000000e37.*Cr.^5+3638271937483243698127179602226.+.55009125000000000000000000000000e37.*Cr.^6).^(1./2)).^(1./3).*Cr.^2-34170000000..*(-7288594526340000000..*Cr+333484847851185.+63972517500000000000..*Cr.^2-140400000000000000000..*Cr.^3+60..*(-.26493160689641692782000000000000e36.*Cr.^3+.15779246054279195697356531250000e35.*Cr.^2+.17246084372015737500000000000000e37.*Cr.^4-94938443558223153452592340500000..*Cr-.50239638450000000000000000000000e37.*Cr.^5+3638271937483243698127179602226.+.55009125000000000000000000000000e37.*Cr.^6).^(1./2)).^(1./3).*Cr+3891934170..*(-7288594526340000000..*Cr+333484847851185.+63972517500000000000..*Cr.^2-140400000000000000000..*Cr.^3+60..*(-.26493160689641692782000000000000e36.*Cr.^3+.15779246054279195697356531250000e35.*Cr.^2+.17246084372015737500000000000000e37.*Cr.^4-94938443558223153452592340500000..*Cr-.50239638450000000000000000000000e37.*Cr.^5+3638271937483243698127179602226.+.55009125000000000000000000000000e37.*Cr.^6).^(1./2)).^(1./3)+31..*(-7288594526340000000..*Cr+333484847851185.+63972517500000000000..*Cr.^2-140400000000000000000..*Cr.^3+60..*(-.26493160689641692782000000000000e36.*Cr.^3+.15779246054279195697356531250000e35.*Cr.^2+.17246084372015737500000000000000e37.*Cr.^4-94938443558223153452592340500000..*Cr-.50239638450000000000000000000000e37.*Cr.^5+3638271937483243698127179602226.+.55009125000000000000000000000000e37.*Cr.^6).^(1./2)).^(2./3)+62656704000000..*Cr-7307346206625.-139500000000000..*Cr.^2)./(-7288594526340000000..*Cr+333484847851185.+63972517500000000000..*Cr.^2-140400000000000000000..*Cr.^3+60..*(-.26493160689641692782000000000000e36.*Cr.^3+.15779246054279195697356531250000e35.*Cr.^2+.17246084372015737500000000000000e37.*Cr.^4-94938443558223153452592340500000..*Cr-.50239638450000000000000000000000e37.*Cr.^5+3638271937483243698127179602226.+.55009125000000000000000000000000e37.*Cr.^6).^(1./2)).^(1./3)).^(1./2)+.29447449328234737282632784021549e-1.*((150000000000..*(-7288594526340000000..*Cr+333484847851185.+63972517500000000000..*Cr.^2-140400000000000000000..*Cr.^3+60..*(-.26493160689641692782000000000000e36.*Cr.^3+.15779246054279195697356531250000e35.*Cr.^2+.17246084372015737500000000000000e37.*Cr.^4-94938443558223153452592340500000..*Cr-.50239638450000000000000000000000e37.*Cr.^5+3638271937483243698127179602226.+.55009125000000000000000000000000e37.*Cr.^6).^(1./2)).^(1./3).*((75000000000..*(-7288594526340000000..*Cr+333484847851185.+63972517500000000000..*Cr.^2-140400000000000000000..*Cr.^3+60..*(-.26493160689641692782000000000000e36.*Cr.^3+.15779246054279195697356531250000e35.*Cr.^2+.17246084372015737500000000000000e37.*Cr.^4-94938443558223153452592340500000..*Cr-.50239638450000000000000000000000e37.*Cr.^5+3638271937483243698127179602226.+.55009125000000000000000000000000e37.*Cr.^6).^(1./2)).^(1./3).*Cr.^2-34170000000..*(-7288594526340000000..*Cr+333484847851185.+63972517500000000000..*Cr.^2-140400000000000000000..*Cr.^3+60..*(-.26493160689641692782000000000000e36.*Cr.^3+.15779246054279195697356531250000e35.*Cr.^2+.17246084372015737500000000000000e37.*Cr.^4-94938443558223153452592340500000..*Cr-.50239638450000000000000000000000e37.*Cr.^5+3638271937483243698127179602226.+.55009125000000000000000000000000e37.*Cr.^6).^(1./2)).^(1./3).*Cr+3891934170..*(-7288594526340000000..*Cr+333484847851185.+63972517500000000000..*Cr.^2-140400000000000000000..*Cr.^3+60..*(-.26493160689641692782000000000000e36.*Cr.^3+.15779246054279195697356531250000e35.*Cr.^2+.17246084372015737500000000000000e37.*Cr.^4-94938443558223153452592340500000..*Cr-.50239638450000000000000000000000e37.*Cr.^5+3638271937483243698127179602226.+.55009125000000000000000000000000e37.*Cr.^6).^(1./2)).^(1./3)+31..*(-7288594526340000000..*Cr+333484847851185.+63972517500000000000..*Cr.^2-140400000000000000000..*Cr.^3+60..*(-.26493160689641692782000000000000e36.*Cr.^3+.15779246054279195697356531250000e35.*Cr.^2+.17246084372015737500000000000000e37.*Cr.^4-94938443558223153452592340500000..*Cr-.50239638450000000000000000000000e37.*Cr.^5+3638271937483243698127179602226.+.55009125000000000000000000000000e37.*Cr.^6).^(1./2)).^(2./3)+62656704000000..*Cr-7307346206625.-139500000000000..*Cr.^2)./(-7288594526340000000..*Cr+333484847851185.+63972517500000000000..*Cr.^2-140400000000000000000..*Cr.^3+60..*(-.26493160689641692782000000000000e36.*Cr.^3+.15779246054279195697356531250000e35.*Cr.^2+.17246084372015737500000000000000e37.*Cr.^4-94938443558223153452592340500000..*Cr-.50239638450000000000000000000000e37.*Cr.^5+3638271937483243698127179602226.+.55009125000000000000000000000000e37.*Cr.^6).^(1./2)).^(1./3)).^(1./2).*Cr.^2-68340000000..*(-7288594526340000000..*Cr+333484847851185.+63972517500000000000..*Cr.^2-140400000000000000000..*Cr.^3+60..*(-.26493160689641692782000000000000e36.*Cr.^3+.15779246054279195697356531250000e35.*Cr.^2+.17246084372015737500000000000000e37.*Cr.^4-94938443558223153452592340500000..*Cr-.50239638450000000000000000000000e37.*Cr.^5+3638271937483243698127179602226.+.55009125000000000000000000000000e37.*Cr.^6).^(1./2)).^(1./3).*((75000000000..*(-7288594526340000000..*Cr+333484847851185.+63972517500000000000..*Cr.^2-140400000000000000000..*Cr.^3+60..*(-.26493160689641692782000000000000e36.*Cr.^3+.15779246054279195697356531250000e35.*Cr.^2+.17246084372015737500000000000000e37.*Cr.^4-94938443558223153452592340500000..*Cr-.50239638450000000000000000000000e37.*Cr.^5+3638271937483243698127179602226.+.55009125000000000000000000000000e37.*Cr.^6).^(1./2)).^(1./3).*Cr.^2-34170000000..*(-7288594526340000000..*Cr+333484847851185.+63972517500000000000..*Cr.^2-140400000000000000000..*Cr.^3+60..*(-.26493160689641692782000000000000e36.*Cr.^3+.15779246054279195697356531250000e35.*Cr.^2+.17246084372015737500000000000000e37.*Cr.^4-94938443558223153452592340500000..*Cr-.50239638450000000000000000000000e37.*Cr.^5+3638271937483243698127179602226.+.55009125000000000000000000000000e37.*Cr.^6).^(1./2)).^(1./3).*Cr+3891934170..*(-7288594526340000000..*Cr+333484847851185.+63972517500000000000..*Cr.^2-140400000000000000000..*Cr.^3+60..*(-.26493160689641692782000000000000e36.*Cr.^3+.15779246054279195697356531250000e35.*Cr.^2+.17246084372015737500000000000000e37.*Cr.^4-94938443558223153452592340500000..*Cr-.50239638450000000000000000000000e37.*Cr.^5+3638271937483243698127179602226.+.55009125000000000000000000000000e37.*Cr.^6).^(1./2)).^(1./3)+31..*(-7288594526340000000..*Cr+333484847851185.+63972517500000000000..*Cr.^2-140400000000000000000..*Cr.^3+60..*(-.26493160689641692782000000000000e36.*Cr.^3+.15779246054279195697356531250000e35.*Cr.^2+.17246084372015737500000000000000e37.*Cr.^4-94938443558223153452592340500000..*Cr-.50239638450000000000000000000000e37.*Cr.^5+3638271937483243698127179602226.+.55009125000000000000000000000000e37.*Cr.^6).^(1./2)).^(2./3)+62656704000000..*Cr-7307346206625.-139500000000000..*Cr.^2)./(-7288594526340000000..*Cr+333484847851185.+63972517500000000000..*Cr.^2-140400000000000000000..*Cr.^3+60..*(-.26493160689641692782000000000000e36.*Cr.^3+.15779246054279195697356531250000e35.*Cr.^2+.17246084372015737500000000000000e37.*Cr.^4-94938443558223153452592340500000..*Cr-.50239638450000000000000000000000e37.*Cr.^5+3638271937483243698127179602226.+.55009125000000000000000000000000e37.*Cr.^6).^(1./2)).^(1./3)).^(1./2).*Cr+7783868340..*(-7288594526340000000..*Cr+333484847851185.+63972517500000000000..*Cr.^2-140400000000000000000..*Cr.^3+60..*(-.26493160689641692782000000000000e36.*Cr.^3+.15779246054279195697356531250000e35.*Cr.^2+.172460843720157375000000000000