function [P,s] = samcurve11punt2(C1)
Pr=[

8064.5161290322580645161290322581*C1-1210.3225806451612903225806451613+.51004478389812569870949895877947e-1*((25000000000.*(-263598975525000000.*C1+5666855015855.+3512104500000000000.*C1^2-11700000000000000000.*C1^3+10.*(-.18596014484543216780000000000000e35*C1^3+.70438348182499974561877500000000e33*C1^2+.18542411600080500000000000000000e36*C1^4-608910700551308598006693000000.*C1-.82290364800000000000000000000000e36*C1^5+15709902347711362495006505894.+.13701500000000000000000000000000e37*C1^6)^(1/2))^(1/3)*C1^2-7504000000.*(-263598975525000000.*C1+5666855015855.+3512104500000000000.*C1^2-11700000000000000000.*C1^3+10.*(-.18596014484543216780000000000000e35*C1^3+.70438348182499974561877500000000e33*C1^2+.18542411600080500000000000000000e36*C1^4-608910700551308598006693000000.*C1-.82290364800000000000000000000000e36*C1^5+15709902347711362495006505894.+.13701500000000000000000000000000e37*C1^6)^(1/2))^(1/3)*C1+563090550.*(-263598975525000000.*C1+5666855015855.+3512104500000000000.*C1^2-11700000000000000000.*C1^3+10.*(-.18596014484543216780000000000000e35*C1^3+.70438348182499974561877500000000e33*C1^2+.18542411600080500000000000000000e36*C1^4-608910700551308598006693000000.*C1-.82290364800000000000000000000000e36*C1^5+15709902347711362495006505894.+.13701500000000000000000000000000e37*C1^6)^(1/2))^(1/3)+31.*(-263598975525000000.*C1+5666855015855.+3512104500000000000.*C1^2-11700000000000000000.*C1^3+10.*(-.18596014484543216780000000000000e35*C1^3+.70438348182499974561877500000000e33*C1^2+.18542411600080500000000000000000e36*C1^4-608910700551308598006693000000.*C1-.82290364800000000000000000000000e36*C1^5+15709902347711362495006505894.+.13701500000000000000000000000000e37*C1^6)^(1/2))^(2/3)+4427606000000.*C1-360371051065.-15500000000000.*C1^2)/(-263598975525000000.*C1+5666855015855.+3512104500000000000.*C1^2-11700000000000000000.*C1^3+10.*(-.18596014484543216780000000000000e35*C1^3+.70438348182499974561877500000000e33*C1^2+.18542411600080500000000000000000e36*C1^4-608910700551308598006693000000.*C1-.82290364800000000000000000000000e36*C1^5+15709902347711362495006505894.+.13701500000000000000000000000000e37*C1^6)^(1/2))^(1/3))^(1/2)+.51004478389812569870949895877947e-1*((50000000000.*(-263598975525000000.*C1+5666855015855.+3512104500000000000.*C1^2-11700000000000000000.*C1^3+10.*(-.18596014484543216780000000000000e35*C1^3+.70438348182499974561877500000000e33*C1^2+.18542411600080500000000000000000e36*C1^4-608910700551308598006693000000.*C1-.82290364800000000000000000000000e36*C1^5+15709902347711362495006505894.+.13701500000000000000000000000000e37*C1^6)^(1/2))^(1/3)*((25000000000.*(-263598975525000000.*C1+5666855015855.+3512104500000000000.*C1^2-11700000000000000000.*C1^3+10.*(-.18596014484543216780000000000000e35*C1^3+.70438348182499974561877500000000e33*C1^2+.18542411600080500000000000000000e36*C1^4-608910700551308598006693000000.*C1-.82290364800000000000000000000000e36*C1^5+15709902347711362495006505894.+.13701500000000000000000000000000e37*C1^6)^(1/2))^(1/3)*C1^2-7504000000.*(-263598975525000000.*C1+5666855015855.+3512104500000000000.*C1^2-11700000000000000000.*C1^3+10.*(-.18596014484543216780000000000000e35*C1^3+.70438348182499974561877500000000e33*C1^2+.18542411600080500000000000000000e36*C1^4-608910700551308598006693000000.*C1-.82290364800000000000000000000000e36*C1^5+15709902347711362495006505894.+.13701500000000000000000000000000e37*C1^6)^(1/2))^(1/3)*C1+563090550.*(-263598975525000000.*C1+5666855015855.+3512104500000000000.*C1^2-11700000000000000000.*C1^3+10.*(-.18596014484543216780000000000000e35*C1^3+.70438348182499974561877500000000e33*C1^2+.18542411600080500000000000000000e36*C1^4-608910700551308598006693000000.*C1-.82290364800000000000000000000000e36*C1^5+15709902347711362495006505894.+.13701500000000000000000000000000e37*C1^6)^(1/2))^(1/3)+31.*(-263598975525000000.*C1+5666855015855.+3512104500000000000.*C1^2-11700000000000000000.*C1^3+10.*(-.18596014484543216780000000000000e35*C1^3+.70438348182499974561877500000000e33*C1^2+.18542411600080500000000000000000e36*C1^4-608910700551308598006693000000.*C1-.82290364800000000000000000000000e36*C1^5+15709902347711362495006505894.+.13701500000000000000000000000000e37*C1^6)^(1/2))^(2/3)+4427606000000.*C1-360371051065.-15500000000000.*C1^2)/(-263598975525000000.*C1+5666855015855.+3512104500000000000.*C1^2-11700000000000000000.*C1^3+10.*(-.18596014484543216780000000000000e35*C1^3+.70438348182499974561877500000000e33*C1^2+.18542411600080500000000000000000e36*C1^4-608910700551308598006693000000.*C1-.82290364800000000000000000000000e36*C1^5+15709902347711362495006505894.+.13701500000000000000000000000000e37*C1^6)^(1/2))^(1/3))^(1/2)*C1^2-15008000000.*(-263598975525000000.*C1+5666855015855.+3512104500000000000.*C1^2-11700000000000000000.*C1^3+10.*(-.18596014484543216780000000000000e35*C1^3+.70438348182499974561877500000000e33*C1^2+.18542411600080500000000000000000e36*C1^4-608910700551308598006693000000.*C1-.82290364800000000000000000000000e36*C1^5+15709902347711362495006505894.+.13701500000000000000000000000000e37*C1^6)^(1/2))^(1/3)*((25000000000.*(-263598975525000000.*C1+5666855015855.+3512104500000000000.*C1^2-11700000000000000000.*C1^3+10.*(-.18596014484543216780000000000000e35*C1^3+.70438348182499974561877500000000e33*C1^2+.18542411600080500000000000000000e36*C1^4-608910700551308598006693000000.*C1-.82290364800000000000000000000000e36*C1^5+15709902347711362495006505894.+.13701500000000000000000000000000e37*C1^6)^(1/2))^(1/3)*C1^2-7504000000.*(-263598975525000000.*C1+5666855015855.+3512104500000000000.*C1^2-11700000000000000000.*C1^3+10.*(-.18596014484543216780000000000000e35*C1^3+.70438348182499974561877500000000e33*C1^2+.18542411600080500000000000000000e36*C1^4-608910700551308598006693000000.*C1-.82290364800000000000000000000000e36*C1^5+15709902347711362495006505894.+.13701500000000000000000000000000e37*C1^6)^(1/2))^(1/3)*C1+563090550.*(-263598975525000000.*C1+5666855015855.+3512104500000000000.*C1^2-11700000000000000000.*C1^3+10.*(-.18596014484543216780000000000000e35*C1^3+.70438348182499974561877500000000e33*C1^2+.18542411600080500000000000000000e36*C1^4-608910700551308598006693000000.*C1-.82290364800000000000000000000000e36*C1^5+15709902347711362495006505894.+.13701500000000000000000000000000e37*C1^6)^(1/2))^(1/3)+31.*(-263598975525000000.*C1+5666855015855.+3512104500000000000.*C1^2-11700000000000000000.*C1^3+10.*(-.18596014484543216780000000000000e35*C1^3+.70438348182499974561877500000000e33*C1^2+.18542411600080500000000000000000e36*C1^4-608910700551308598006693000000.*C1-.82290364800000000000000000000000e36*C1^5+15709902347711362495006505894.+.13701500000000000000000000000000e37*C1^6)^(1/2))^(2/3)+4427606000000.*C1-360371051065.-15500000000000.*C1^2)/(-263598975525000000.*C1+5666855015855.+3512104500000000000.*C1^2-11700000000000000000.*C1^3+10.*(-.18596014484543216780000000000000e35*C1^3+.70438348182499974561877500000000e33*C1^2+.18542411600080500000000000000000e36*C1^4-608910700551308598006693000000.*C1-.82290364800000000000000000000000e36*C1^5+15709902347711362495006505894.+.13701500000000000000000000000000e37*C1^6)^(1/2))^(1/3))^(1/2)*C1+1126181100.*(-263598975525000000.*C1+5666855015855.+3512104500000000000.*C1^2-11700000000000000000.*C1^3+10.*(-.18596014484543216780000000000000e35*C1^3+.70438348182499974561877500000000e33*C1^2+.18542411600080500000000000000000e36*C1^4-608910700551308598006693000000.*C1-.82290364800000000000000000000000e36*C1^5+15709902347711362495006505894.+.13701500000000000000000000000000e37*C1^6)^(1/2))^(1/3)*((25000000000.*(-263598975525000000.*C1+5666855015855.+3512104500000000000.*C1^2-11700000000000000000.*C1^3+10.*(-.18596014484543216780000000000000e35*C1^3+.70438348182499974561877500000000e33*C1^2+.18542411600080500000000000000000e36*C1^4-608910700551308598006693000000.*C1-.82290364800000000000000000000000e36*C1^5+15709902347711362495006505894.+.13701500000000000000000000000000e37*C1^6)^(1/2))^(1/3)*C1^2-7504000000.*(-263598