function [P,s] = samcurve(C1)
Pr=[

8064.5161290322580645161290322581*C1-1296.7741935483870967741935483871+.51004478389812569870949895877947e-1*((25000000000.*(-302595773445000000.*C1+6471825443855.+3762952500000000000.*C1^2-11700000000000000000.*C1^3+10.*(-.22872129100929135180000000000000e35*C1^3+.92820834122389896853237500000000e33*C1^2+.21285905009824500000000000000000e36*C1^4-856087376554737600070797000000.*C1-.88168248000000000000000000000000e36*C1^5+23617705335559558742360912454.+.13701500000000000000000000000000e37*C1^6)^(1/2))^(1/3)*C1^2-8040000000.*(-302595773445000000.*C1+6471825443855.+3762952500000000000.*C1^2-11700000000000000000.*C1^3+10.*(-.22872129100929135180000000000000e35*C1^3+.92820834122389896853237500000000e33*C1^2+.21285905009824500000000000000000e36*C1^4-856087376554737600070797000000.*C1-.88168248000000000000000000000000e36*C1^5+23617705335559558742360912454.+.13701500000000000000000000000000e37*C1^6)^(1/2))^(1/3)*C1+646406390.*(-302595773445000000.*C1+6471825443855.+3762952500000000000.*C1^2-11700000000000000000.*C1^3+10.*(-.22872129100929135180000000000000e35*C1^3+.92820834122389896853237500000000e33*C1^2+.21285905009824500000000000000000e36*C1^4-856087376554737600070797000000.*C1-.88168248000000000000000000000000e36*C1^5+23617705335559558742360912454.+.13701500000000000000000000000000e37*C1^6)^(1/2))^(1/3)+31.*(-302595773445000000.*C1+6471825443855.+3762952500000000000.*C1^2-11700000000000000000.*C1^3+10.*(-.22872129100929135180000000000000e35*C1^3+.92820834122389896853237500000000e33*C1^2+.21285905009824500000000000000000e36*C1^4-856087376554737600070797000000.*C1-.88168248000000000000000000000000e36*C1^5+23617705335559558742360912454.+.13701500000000000000000000000000e37*C1^6)^(1/2))^(2/3)+4759926000000.*C1-412830421625.-15500000000000.*C1^2)/(-302595773445000000.*C1+6471825443855.+3762952500000000000.*C1^2-11700000000000000000.*C1^3+10.*(-.22872129100929135180000000000000e35*C1^3+.92820834122389896853237500000000e33*C1^2+.21285905009824500000000000000000e36*C1^4-856087376554737600070797000000.*C1-.88168248000000000000000000000000e36*C1^5+23617705335559558742360912454.+.13701500000000000000000000000000e37*C1^6)^(1/2))^(1/3))^(1/2)+.51004478389812569870949895877947e-1*((50000000000.*(-302595773445000000.*C1+6471825443855.+3762952500000000000.*C1^2-11700000000000000000.*C1^3+10.*(-.22872129100929135180000000000000e35*C1^3+.92820834122389896853237500000000e33*C1^2+.21285905009824500000000000000000e36*C1^4-856087376554737600070797000000.*C1-.88168248000000000000000000000000e36*C1^5+23617705335559558742360912454.+.13701500000000000000000000000000e37*C1^6)^(1/2))^(1/3)*((25000000000.*(-302595773445000000.*C1+6471825443855.+3762952500000000000.*C1^2-11700000000000000000.*C1^3+10.*(-.22872129100929135180000000000000e35*C1^3+.92820834122389896853237500000000e33*C1^2+.21285905009824500000000000000000e36*C1^4-856087376554737600070797000000.*C1-.88168248000000000000000000000000e36*C1^5+23617705335559558742360912454.+.13701500000000000000000000000000e37*C1^6)^(1/2))^(1/3)*C1^2-8040000000.*(-302595773445000000.*C1+6471825443855.+3762952500000000000.*C1^2-11700000000000000000.*C1^3+10.*(-.22872129100929135180000000000000e35*C1^3+.92820834122389896853237500000000e33*C1^2+.21285905009824500000000000000000e36*C1^4-856087376554737600070797000000.*C1-.88168248000000000000000000000000e36*C1^5+23617705335559558742360912454.+.13701500000000000000000000000000e37*C1^6)^(1/2))^(1/3)*C1+646406390.*(-302595773445000000.*C1+6471825443855.+3762952500000000000.*C1^2-11700000000000000000.*C1^3+10.*(-.22872129100929135180000000000000e35*C1^3+.92820834122389896853237500000000e33*C1^2+.21285905009824500000000000000000e36*C1^4-856087376554737600070797000000.*C1-.88168248000000000000000000000000e36*C1^5+23617705335559558742360912454.+.13701500000000000000000000000000e37*C1^6)^(1/2))^(1/3)+31.*(-302595773445000000.*C1+6471825443855.+3762952500000000000.*C1^2-11700000000000000000.*C1^3+10.*(-.22872129100929135180000000000000e35*C1^3+.92820834122389896853237500000000e33*C1^2+.21285905009824500000000000000000e36*C1^4-856087376554737600070797000000.*C1-.88168248000000000000000000000000e36*C1^5+23617705335559558742360912454.+.13701500000000000000000000000000e37*C1^6)^(1/2))^(2/3)+4759926000000.*C1-412830421625.-15500000000000.*C1^2)/(-302595773445000000.*C1+6471825443855.+3762952500000000000.*C1^2-11700000000000000000.*C1^3+10.*(-.22872129100929135180000000000000e35*C1^3+.92820834122389896853237500000000e33*C1^2+.21285905009824500000000000000000e36*C1^4-856087376554737600070797000000.*C1-.88168248000000000000000000000000e36*C1^5+23617705335559558742360912454.+.13701500000000000000000000000000e37*C1^6)^(1/2))^(1/3))^(1/2)*C1^2-16080000000.*(-302595773445000000.*C1+6471825443855.+3762952500000000000.*C1^2-11700000000000000000.*C1^3+10.*(-.22872129100929135180000000000000e35*C1^3+.92820834122389896853237500000000e33*C1^2+.21285905009824500000000000000000e36*C1^4-856087376554737600070797000000.*C1-.88168248000000000000000000000000e36*C1^5+23617705335559558742360912454.+.13701500000000000000000000000000e37*C1^6)^(1/2))^(1/3)*((25000000000.*(-302595773445000000.*C1+6471825443855.+3762952500000000000.*C1^2-11700000000000000000.*C1^3+10.*(-.22872129100929135180000000000000e35*C1^3+.92820834122389896853237500000000e33*C1^2+.21285905009824500000000000000000e36*C1^4-856087376554737600070797000000.*C1-.88168248000000000000000000000000e36*C1^5+23617705335559558742360912454.+.13701500000000000000000000000000e37*C1^6)^(1/2))^(1/3)*C1^2-8040000000.*(-302595773445000000.*C1+6471825443855.+3762952500000000000.*C1^2-11700000000000000000.*C1^3+10.*(-.22872129100929135180000000000000e35*C1^3+.92820834122389896853237500000000e33*C1^2+.21285905009824500000000000000000e36*C1^4-856087376554737600070797000000.*C1-.88168248000000000000000000000000e36*C1^5+23617705335559558742360912454.+.13701500000000000000000000000000e37*C1^6)^(1/2))^(1/3)*C1+646406390.*(-302595773445000000.*C1+6471825443855.+3762952500000000000.*C1^2-11700000000000000000.*C1^3+10.*(-.22872129100929135180000000000000e35*C1^3+.92820834122389896853237500000000e33*C1^2+.21285905009824500000000000000000e36*C1^4-856087376554737600070797000000.*C1-.88168248000000000000000000000000e36*C1^5+23617705335559558742360912454.+.13701500000000000000000000000000e37*C1^6)^(1/2))^(1/3)+31.*(-302595773445000000.*C1+6471825443855.+3762952500000000000.*C1^2-11700000000000000000.*C1^3+10.*(-.22872129100929135180000000000000e35*C1^3+.92820834122389896853237500000000e33*C1^2+.21285905009824500000000000000000e36*C1^4-856087376554737600070797000000.*C1-.88168248000000000000000000000000e36*C1^5+23617705335559558742360912454.+.13701500000000000000000000000000e37*C1^6)^(1/2))^(2/3)+4759926000000.*C1-412830421625.-15500000000000.*C1^2)/(-302595773445000000.*C1+6471825443855.+3762952500000000000.*C1^2-11700000000000000000.*C1^3+10.*(-.22872129100929135180000000000000e35*C1^3+.92820834122389896853237500000000e33*C1^2+.21285905009824500000000000000000e36*C1^4-856087376554737600070797000000.*C1-.88168248000000000000000000000000e36*C1^5+23617705335559558742360912454.+.13701500000000000000000000000000e37*C1^6)^(1/2))^(1/3))^(1/2)*C1+1292812780.*(-302595773445000000.*C1+6471825443855.+3762952500000000000.*C1^2-11700000000000000000.*C1^3+10.*(-.22872129100929135180000000000000e35*C1^3+.92820834122389896853237500000000e33*C1^2+.21285905009824500000000000000000e36*C1^4-856087376554737600070797000000.*C1-.88168248000000000000000000000000e36*C1^5+23617705335559558742360912454.+.13701500000000000000000000000000e37*C1^6)^(1/2))^(1/3)*((25000000000.*(-302595773445000000.*C1+6471825443855.+3762952500000000000.*C1^2-11700000000000000000.*C1^3+10.*(-.22872129100929135180000000000000e35*C1^3+.92820834122389896853237500000000e33*C1^2+.21285905009824500000000000000000e36*C1^4-856087376554737600070797000000.*C1-.88168248000000000000000000000000e36*C1^5+23617705335559558742360912454.+.13701500000000000000000000000000e37*C1^6)^(1/2))^(1/3)*C1^2-8040000000.*(-3025957734450