function [P,s] = samcurve11punt7(C1)
Pr=[

8064.5161290322580645161290322581*C1-1264.3548387096774193548387096774+.51004478389812569870949895877947e-1*((25000000000.*(-287656846425000000.*C1+6163699378355.+3668884500000000000.*C1^2-11700000000000000000.*C1^3+40.*(-.13249561786874619862500000000000e34*C1^3+52426382237334635748735937500000.*C1^2+.12646826567725312500000000000000e35*C1^4-47215652031253577395587375000.*C1-.53727526125000000000000000000000e35*C1^5+1270927319195261518487084934.+.85634375000000000000000000000000e35*C1^6)^(1/2))^(1/3)*C1^2-7839000000.*(-287656846425000000.*C1+6163699378355.+3668884500000000000.*C1^2-11700000000000000000.*C1^3+40.*(-.13249561786874619862500000000000e34*C1^3+52426382237334635748735937500000.*C1^2+.12646826567725312500000000000000e35*C1^4-47215652031253577395587375000.*C1-.53727526125000000000000000000000e35*C1^5+1270927319195261518487084934.+.85634375000000000000000000000000e35*C1^6)^(1/2))^(1/3)*C1+614489600.*(-287656846425000000.*C1+6163699378355.+3668884500000000000.*C1^2-11700000000000000000.*C1^3+40.*(-.13249561786874619862500000000000e34*C1^3+52426382237334635748735937500000.*C1^2+.12646826567725312500000000000000e35*C1^4-47215652031253577395587375000.*C1-.53727526125000000000000000000000e35*C1^5+1270927319195261518487084934.+.85634375000000000000000000000000e35*C1^6)^(1/2))^(1/3)+31.*(-287656846425000000.*C1+6163699378355.+3668884500000000000.*C1^2-11700000000000000000.*C1^3+40.*(-.13249561786874619862500000000000e34*C1^3+52426382237334635748735937500000.*C1^2+.12646826567725312500000000000000e35*C1^4-47215652031253577395587375000.*C1-.53727526125000000000000000000000e35*C1^5+1270927319195261518487084934.+.85634375000000000000000000000000e35*C1^6)^(1/2))^(2/3)+4635306000000.*C1-392740680665.-15500000000000.*C1^2)/(-287656846425000000.*C1+6163699378355.+3668884500000000000.*C1^2-11700000000000000000.*C1^3+40.*(-.13249561786874619862500000000000e34*C1^3+52426382237334635748735937500000.*C1^2+.12646826567725312500000000000000e35*C1^4-47215652031253577395587375000.*C1-.53727526125000000000000000000000e35*C1^5+1270927319195261518487084934.+.85634375000000000000000000000000e35*C1^6)^(1/2))^(1/3))^(1/2)+.51004478389812569870949895877947e-1*((50000000000.*(-287656846425000000.*C1+6163699378355.+3668884500000000000.*C1^2-11700000000000000000.*C1^3+40.*(-.13249561786874619862500000000000e34*C1^3+52426382237334635748735937500000.*C1^2+.12646826567725312500000000000000e35*C1^4-47215652031253577395587375000.*C1-.53727526125000000000000000000000e35*C1^5+1270927319195261518487084934.+.85634375000000000000000000000000e35*C1^6)^(1/2))^(1/3)*((25000000000.*(-287656846425000000.*C1+6163699378355.+3668884500000000000.*C1^2-11700000000000000000.*C1^3+40.*(-.13249561786874619862500000000000e34*C1^3+52426382237334635748735937500000.*C1^2+.12646826567725312500000000000000e35*C1^4-47215652031253577395587375000.*C1-.53727526125000000000000000000000e35*C1^5+1270927319195261518487084934.+.85634375000000000000000000000000e35*C1^6)^(1/2))^(1/3)*C1^2-7839000000.*(-287656846425000000.*C1+6163699378355.+3668884500000000000.*C1^2-11700000000000000000.*C1^3+40.*(-.13249561786874619862500000000000e34*C1^3+52426382237334635748735937500000.*C1^2+.12646826567725312500000000000000e35*C1^4-47215652031253577395587375000.*C1-.53727526125000000000000000000000e35*C1^5+1270927319195261518487084934.+.85634375000000000000000000000000e35*C1^6)^(1/2))^(1/3)*C1+614489600.*(-287656846425000000.*C1+6163699378355.+3668884500000000000.*C1^2-11700000000000000000.*C1^3+40.*(-.13249561786874619862500000000000e34*C1^3+52426382237334635748735937500000.*C1^2+.12646826567725312500000000000000e35*C1^4-47215652031253577395587375000.*C1-.53727526125000000000000000000000e35*C1^5+1270927319195261518487084934.+.85634375000000000000000000000000e35*C1^6)^(1/2))^(1/3)+31.*(-287656846425000000.*C1+6163699378355.+3668884500000000000.*C1^2-11700000000000000000.*C1^3+40.*(-.13249561786874619862500000000000e34*C1^3+52426382237334635748735937500000.*C1^2+.12646826567725312500000000000000e35*C1^4-47215652031253577395587375000.*C1-.53727526125000000000000000000000e35*C1^5+1270927319195261518487084934.+.85634375000000000000000000000000e35*C1^6)^(1/2))^(2/3)+4635306000000.*C1-392740680665.-15500000000000.*C1^2)/(-287656846425000000.*C1+6163699378355.+3668884500000000000.*C1^2-11700000000000000000.*C1^3+40.*(-.13249561786874619862500000000000e34*C1^3+52426382237334635748735937500000.*C1^2+.12646826567725312500000000000000e35*C1^4-47215652031253577395587375000.*C1-.53727526125000000000000000000000e35*C1^5+1270927319195261518487084934.+.85634375000000000000000000000000e35*C1^6)^(1/2))^(1/3))^(1/2)*C1^2-15678000000.*(-287656846425000000.*C1+6163699378355.+3668884500000000000.*C1^2-11700000000000000000.*C1^3+40.*(-.13249561786874619862500000000000e34*C1^3+52426382237334635748735937500000.*C1^2+.12646826567725312500000000000000e35*C1^4-47215652031253577395587375000.*C1-.53727526125000000000000000000000e35*C1^5+1270927319195261518487084934.+.85634375000000000000000000000000e35*C1^6)^(1/2))^(1/3)*((25000000000.*(-287656846425000000.*C1+6163699378355.+3668884500000000000.*C1^2-11700000000000000000.*C1^3+40.*(-.13249561786874619862500000000000e34*C1^3+52426382237334635748735937500000.*C1^2+.12646826567725312500000000000000e35*C1^4-47215652031253577395587375000.*C1-.53727526125000000000000000000000e35*C1^5+1270927319195261518487084934.+.85634375000000000000000000000000e35*C1^6)^(1/2))^(1/3)*C1^2-7839000000.*(-287656846425000000.*C1+6163699378355.+3668884500000000000.*C1^2-11700000000000000000.*C1^3+40.*(-.13249561786874619862500000000000e34*C1^3+52426382237334635748735937500000.*C1^2+.12646826567725312500000000000000e35*C1^4-47215652031253577395587375000.*C1-.53727526125000000000000000000000e35*C1^5+1270927319195261518487084934.+.85634375000000000000000000000000e35*C1^6)^(1/2))^(1/3)*C1+614489600.*(-287656846425000000.*C1+6163699378355.+3668884500000000000.*C1^2-11700000000000000000.*C1^3+40.*(-.13249561786874619862500000000000e34*C1^3+52426382237334635748735937500000.*C1^2+.12646826567725312500000000000000e35*C1^4-47215652031253577395587375000.*C1-.53727526125000000000000000000000e35*C1^5+1270927319195261518487084934.+.85634375000000000000000000000000e35*C1^6)^(1/2))^(1/3)+31.*(-287656846425000000.*C1+6163699378355.+3668884500000000000.*C1^2-11700000000000000000.*C1^3+40.*(-.13249561786874619862500000000000e34*C1^3+52426382237334635748735937500000.*C1^2+.12646826567725312500000000000000e35*C1^4-47215652031253577395587375000.*C1-.53727526125000000000000000000000e35*C1^5+1270927319195261518487084934.+.85634375000000000000000000000000e35*C1^6)^(1/2))^(2/3)+4635306000000.*C1-392740680665.-15500000000000.*C1^2)/(-287656846425000000.*C1+6163699378355.+3668884500000000000.*C1^2-11700000000000000000.*C1^3+40.*(-.13249561786874619862500000000000e34*C1^3+52426382237334635748735937500000.*C1^2+.12646826567725312500000000000000e35*C1^4-47215652031253577395587375000.*C1-.53727526125000000000000000000000e35*C1^5+1270927319195261518487084934.+.85634375000000000000000000000000e35*C1^6)^(1/2))^(1/3))^(1/2)*C1+1228979200.*(-287656846425000000.*C1+6163699378355.+3668884500000000000.*C1^2-11700000000000000000.*C1^3+40.*(-.13249561786874619862500000000000e34*C1^3+52426382237334635748735937500000.*C1^2+.12646826567725312500000000000000e35*C1^4-47215652031253577395587375000.*C1-.53727526125000000000000000000000e35*C1^5+1270927319195261518487084934.+.85634375000000000000000000000000e35*C1^6)^(1/2))^(1/3)*((25000000000.*(-287656846425000000.*C1+6163699378355.+3668884500000000000.*C1^2-11700000000000000000.*C1^3+40.*(-.13249561786874619862500000000000e34*C1^3+52426382237334635748735937500000.*C1^2+.12646826567725312500000000000000e35*C1^4-47215652031253577395587375000.*C1-.53727526125000000000000000000000e35*C1^5+1270927319195261518487084934.+.85634375000000000000000000000000e35*C1^6)^(1/2))^(1/3)*C1^2-7839000000.*(-287656846425000000.*C1+6163699378355.+3668884500000000000.*C1^2-11700000000000000000.*C1^3+40.*(-.132