function [P,s] = samcurve11punt8(C1)
Pr=[

8064.5161290322580645161290322581*C1-1275.1612903225806451612903225806+.51004478389812569870949895877947e-1*((25000000000.*(-292594471725000000.*C1+6265573112855.+3700240500000000000.*C1^2-11700000000000000000.*C1^3+10.*(-.21747511818016687580000000000000e35*C1^3+.86786552823284215953997500000000e33*C1^2+.20582293679140500000000000000000e36*C1^4-787882328238020442406803000000.*C1-.86698777200000000000000000000000e36*C1^5+21383906190412366339275328214.+.13701500000000000000000000000000e37*C1^6)^(1/2))^(1/3)*C1^2-7906000000.*(-292594471725000000.*C1+6265573112855.+3700240500000000000.*C1^2-11700000000000000000.*C1^3+10.*(-.21747511818016687580000000000000e35*C1^3+.86786552823284215953997500000000e33*C1^2+.20582293679140500000000000000000e36*C1^4-787882328238020442406803000000.*C1-.86698777200000000000000000000000e36*C1^5+21383906190412366339275328214.+.13701500000000000000000000000000e37*C1^6)^(1/2))^(1/3)*C1+625038750.*(-292594471725000000.*C1+6265573112855.+3700240500000000000.*C1^2-11700000000000000000.*C1^3+10.*(-.21747511818016687580000000000000e35*C1^3+.86786552823284215953997500000000e33*C1^2+.20582293679140500000000000000000e36*C1^4-787882328238020442406803000000.*C1-.86698777200000000000000000000000e36*C1^5+21383906190412366339275328214.+.13701500000000000000000000000000e37*C1^6)^(1/2))^(1/3)+31.*(-292594471725000000.*C1+6265573112855.+3700240500000000000.*C1^2-11700000000000000000.*C1^3+10.*(-.21747511818016687580000000000000e35*C1^3+.86786552823284215953997500000000e33*C1^2+.20582293679140500000000000000000e36*C1^4-787882328238020442406803000000.*C1-.86698777200000000000000000000000e36*C1^5+21383906190412366339275328214.+.13701500000000000000000000000000e37*C1^6)^(1/2))^(2/3)+4676846000000.*C1-399381597385.-15500000000000.*C1^2)/(-292594471725000000.*C1+6265573112855.+3700240500000000000.*C1^2-11700000000000000000.*C1^3+10.*(-.21747511818016687580000000000000e35*C1^3+.86786552823284215953997500000000e33*C1^2+.20582293679140500000000000000000e36*C1^4-787882328238020442406803000000.*C1-.86698777200000000000000000000000e36*C1^5+21383906190412366339275328214.+.13701500000000000000000000000000e37*C1^6)^(1/2))^(1/3))^(1/2)+.16129032258064516129032258064516e-1*(-1.*(-500000000000.*(-292594471725000000.*C1+6265573112855.+3700240500000000000.*C1^2-11700000000000000000.*C1^3+10.*(-.21747511818016687580000000000000e35*C1^3+.86786552823284215953997500000000e33*C1^2+.20582293679140500000000000000000e36*C1^4-787882328238020442406803000000.*C1-.86698777200000000000000000000000e36*C1^5+21383906190412366339275328214.+.13701500000000000000000000000000e37*C1^6)^(1/2))^(1/3)*((25000000000.*(-292594471725000000.*C1+6265573112855.+3700240500000000000.*C1^2-11700000000000000000.*C1^3+10.*(-.21747511818016687580000000000000e35*C1^3+.86786552823284215953997500000000e33*C1^2+.20582293679140500000000000000000e36*C1^4-787882328238020442406803000000.*C1-.86698777200000000000000000000000e36*C1^5+21383906190412366339275328214.+.13701500000000000000000000000000e37*C1^6)^(1/2))^(1/3)*C1^2-7906000000.*(-292594471725000000.*C1+6265573112855.+3700240500000000000.*C1^2-11700000000000000000.*C1^3+10.*(-.21747511818016687580000000000000e35*C1^3+.86786552823284215953997500000000e33*C1^2+.20582293679140500000000000000000e36*C1^4-787882328238020442406803000000.*C1-.86698777200000000000000000000000e36*C1^5+21383906190412366339275328214.+.13701500000000000000000000000000e37*C1^6)^(1/2))^(1/3)*C1+625038750.*(-292594471725000000.*C1+6265573112855.+3700240500000000000.*C1^2-11700000000000000000.*C1^3+10.*(-.21747511818016687580000000000000e35*C1^3+.86786552823284215953997500000000e33*C1^2+.20582293679140500000000000000000e36*C1^4-787882328238020442406803000000.*C1-.86698777200000000000000000000000e36*C1^5+21383906190412366339275328214.+.13701500000000000000000000000000e37*C1^6)^(1/2))^(1/3)+31.*(-292594471725000000.*C1+6265573112855.+3700240500000000000.*C1^2-11700000000000000000.*C1^3+10.*(-.21747511818016687580000000000000e35*C1^3+.86786552823284215953997500000000e33*C1^2+.20582293679140500000000000000000e36*C1^4-787882328238020442406803000000.*C1-.86698777200000000000000000000000e36*C1^5+21383906190412366339275328214.+.13701500000000000000000000000000e37*C1^6)^(1/2))^(2/3)+4676846000000.*C1-399381597385.-15500000000000.*C1^2)/(-292594471725000000.*C1+6265573112855.+3700240500000000000.*C1^2-11700000000000000000.*C1^3+10.*(-.21747511818016687580000000000000e35*C1^3+.86786552823284215953997500000000e33*C1^2+.20582293679140500000000000000000e36*C1^4-787882328238020442406803000000.*C1-.86698777200000000000000000000000e36*C1^5+21383906190412366339275328214.+.13701500000000000000000000000000e37*C1^6)^(1/2))^(1/3))^(1/2)*C1^2+158120000000.*(-292594471725000000.*C1+6265573112855.+3700240500000000000.*C1^2-11700000000000000000.*C1^3+10.*(-.21747511818016687580000000000000e35*C1^3+.86786552823284215953997500000000e33*C1^2+.20582293679140500000000000000000e36*C1^4-787882328238020442406803000000.*C1-.86698777200000000000000000000000e36*C1^5+21383906190412366339275328214.+.13701500000000000000000000000000e37*C1^6)^(1/2))^(1/3)*((25000000000.*(-292594471725000000.*C1+6265573112855.+3700240500000000000.*C1^2-11700000000000000000.*C1^3+10.*(-.21747511818016687580000000000000e35*C1^3+.86786552823284215953997500000000e33*C1^2+.20582293679140500000000000000000e36*C1^4-787882328238020442406803000000.*C1-.86698777200000000000000000000000e36*C1^5+21383906190412366339275328214.+.13701500000000000000000000000000e37*C1^6)^(1/2))^(1/3)*C1^2-7906000000.*(-292594471725000000.*C1+6265573112855.+3700240500000000000.*C1^2-11700000000000000000.*C1^3+10.*(-.21747511818016687580000000000000e35*C1^3+.86786552823284215953997500000000e33*C1^2+.20582293679140500000000000000000e36*C1^4-787882328238020442406803000000.*C1-.86698777200000000000000000000000e36*C1^5+21383906190412366339275328214.+.13701500000000000000000000000000e37*C1^6)^(1/2))^(1/3)*C1+625038750.*(-292594471725000000.*C1+6265573112855.+3700240500000000000.*C1^2-11700000000000000000.*C1^3+10.*(-.21747511818016687580000000000000e35*C1^3+.86786552823284215953997500000000e33*C1^2+.20582293679140500000000000000000e36*C1^4-787882328238020442406803000000.*C1-.86698777200000000000000000000000e36*C1^5+21383906190412366339275328214.+.13701500000000000000000000000000e37*C1^6)^(1/2))^(1/3)+31.*(-292594471725000000.*C1+6265573112855.+3700240500000000000.*C1^2-11700000000000000000.*C1^3+10.*(-.21747511818016687580000000000000e35*C1^3+.86786552823284215953997500000000e33*C1^2+.20582293679140500000000000000000e36*C1^4-787882328238020442406803000000.*C1-.86698777200000000000000000000000e36*C1^5+21383906190412366339275328214.+.13701500000000000000000000000000e37*C1^6)^(1/2))^(2/3)+4676846000000.*C1-399381597385.-15500000000000.*C1^2)/(-292594471725000000.*C1+6265573112855.+3700240500000000000.*C1^2-11700000000000000000.*C1^3+10.*(-.21747511818016687580000000000000e35*C1^3+.86786552823284215953997500000000e33*C1^2+.20582293679140500000000000000000e36*C1^4-787882328238020442406803000000.*C1-.86698777200000000000000000000000e36*C1^5+21383906190412366339275328214.+.13701500000000000000000000000000e37*C1^6)^(1/2))^(1/3))^(1/2)*C1-12500775000.*(-292594471725000000.*C1+6265573112855.+3700240500000000000.*C1^2-11700000000000000000.*C1^3+10.*(-.21747511818016687580000000000000e35*C1^3+.86786552823284215953997500000000e33*C1^2+.20582293679140500000000000000000e36*C1^4-787882328238020442406803000000.*C1-.86698777200000000000000000000000e36*C1^5+21383906190412366339275328214.+.13701500000000000000000000000000e37*C1^6)^(1/2))^(1/3)*((25000000000.*(-292594471725000000.*C1+6265573112855.+3700240500000000000.*C1^2-11700000000000000000.*C1^3+10.*(-.21747511818016687580000000000000e35*C1^3+.86786552823284215953997500000000e33*C1^2+.20582293679140500000000000000000e36*C1^4-787882328238020442406803000000.*C1-.86698777200000000000000000000000e36*C1^5+21383906190412366339275328214.+.13701500000000000000000000000000e37*C1^6)^(1/2))^(1/3)*C1^2-7906000000.*