function [P,s] = samcurve11punt3(C1)
Pr=[

8064.5161290322580645161290322581*C1-1221.1290322580645161290322580645+.51004478389812569870949895877947e-1*((25000000000.*(-268326515625000000.*C1+5764553980355.+3543460500000000000.*C1^2-11700000000000000000.*C1^3+80.*(-.29841508339057800906250000000000e33*C1^3+11404300799903968817171484375000.*C1^2+.29492189253625781250000000000000e34*C1^4-9940998358805293375054031250.*C1-.12972671906250000000000000000000e35*C1^5+258699710660275666616599526.+.21408593750000000000000000000000e35*C1^6)^(1/2))^(1/3)*C1^2-7571000000.*(-268326515625000000.*C1+5764553980355.+3543460500000000000.*C1^2-11700000000000000000.*C1^3+80.*(-.29841508339057800906250000000000e33*C1^3+11404300799903968817171484375000.*C1^2+.29492189253625781250000000000000e34*C1^4-9940998358805293375054031250.*C1-.12972671906250000000000000000000e35*C1^5+258699710660275666616599526.+.21408593750000000000000000000000e35*C1^6)^(1/2))^(1/3)*C1+573190800.*(-268326515625000000.*C1+5764553980355.+3543460500000000000.*C1^2-11700000000000000000.*C1^3+80.*(-.29841508339057800906250000000000e33*C1^3+11404300799903968817171484375000.*C1^2+.29492189253625781250000000000000e34*C1^4-9940998358805293375054031250.*C1-.12972671906250000000000000000000e35*C1^5+258699710660275666616599526.+.21408593750000000000000000000000e35*C1^6)^(1/2))^(1/3)+31.*(-268326515625000000.*C1+5764553980355.+3543460500000000000.*C1^2-11700000000000000000.*C1^3+80.*(-.29841508339057800906250000000000e33*C1^3+11404300799903968817171484375000.*C1^2+.29492189253625781250000000000000e34*C1^4-9940998358805293375054031250.*C1-.12972671906250000000000000000000e35*C1^5+258699710660275666616599526.+.21408593750000000000000000000000e35*C1^6)^(1/2))^(2/3)+4469146000000.*C1-366733649785.-15500000000000.*C1^2)/(-268326515625000000.*C1+5764553980355.+3543460500000000000.*C1^2-11700000000000000000.*C1^3+80.*(-.29841508339057800906250000000000e33*C1^3+11404300799903968817171484375000.*C1^2+.29492189253625781250000000000000e34*C1^4-9940998358805293375054031250.*C1-.12972671906250000000000000000000e35*C1^5+258699710660275666616599526.+.21408593750000000000000000000000e35*C1^6)^(1/2))^(1/3))^(1/2)+.51004478389812569870949895877947e-1*((50000000000.*(-268326515625000000.*C1+5764553980355.+3543460500000000000.*C1^2-11700000000000000000.*C1^3+80.*(-.29841508339057800906250000000000e33*C1^3+11404300799903968817171484375000.*C1^2+.29492189253625781250000000000000e34*C1^4-9940998358805293375054031250.*C1-.12972671906250000000000000000000e35*C1^5+258699710660275666616599526.+.21408593750000000000000000000000e35*C1^6)^(1/2))^(1/3)*((25000000000.*(-268326515625000000.*C1+5764553980355.+3543460500000000000.*C1^2-11700000000000000000.*C1^3+80.*(-.29841508339057800906250000000000e33*C1^3+11404300799903968817171484375000.*C1^2+.29492189253625781250000000000000e34*C1^4-9940998358805293375054031250.*C1-.12972671906250000000000000000000e35*C1^5+258699710660275666616599526.+.21408593750000000000000000000000e35*C1^6)^(1/2))^(1/3)*C1^2-7571000000.*(-268326515625000000.*C1+5764553980355.+3543460500000000000.*C1^2-11700000000000000000.*C1^3+80.*(-.29841508339057800906250000000000e33*C1^3+11404300799903968817171484375000.*C1^2+.29492189253625781250000000000000e34*C1^4-9940998358805293375054031250.*C1-.12972671906250000000000000000000e35*C1^5+258699710660275666616599526.+.21408593750000000000000000000000e35*C1^6)^(1/2))^(1/3)*C1+573190800.*(-268326515625000000.*C1+5764553980355.+3543460500000000000.*C1^2-11700000000000000000.*C1^3+80.*(-.29841508339057800906250000000000e33*C1^3+11404300799903968817171484375000.*C1^2+.29492189253625781250000000000000e34*C1^4-9940998358805293375054031250.*C1-.12972671906250000000000000000000e35*C1^5+258699710660275666616599526.+.21408593750000000000000000000000e35*C1^6)^(1/2))^(1/3)+31.*(-268326515625000000.*C1+5764553980355.+3543460500000000000.*C1^2-11700000000000000000.*C1^3+80.*(-.29841508339057800906250000000000e33*C1^3+11404300799903968817171484375000.*C1^2+.29492189253625781250000000000000e34*C1^4-9940998358805293375054031250.*C1-.12972671906250000000000000000000e35*C1^5+258699710660275666616599526.+.21408593750000000000000000000000e35*C1^6)^(1/2))^(2/3)+4469146000000.*C1-366733649785.-15500000000000.*C1^2)/(-268326515625000000.*C1+5764553980355.+3543460500000000000.*C1^2-11700000000000000000.*C1^3+80.*(-.29841508339057800906250000000000e33*C1^3+11404300799903968817171484375000.*C1^2+.29492189253625781250000000000000e34*C1^4-9940998358805293375054031250.*C1-.12972671906250000000000000000000e35*C1^5+258699710660275666616599526.+.21408593750000000000000000000000e35*C1^6)^(1/2))^(1/3))^(1/2)*C1^2-15142000000.*(-268326515625000000.*C1+5764553980355.+3543460500000000000.*C1^2-11700000000000000000.*C1^3+80.*(-.29841508339057800906250000000000e33*C1^3+11404300799903968817171484375000.*C1^2+.29492189253625781250000000000000e34*C1^4-9940998358805293375054031250.*C1-.12972671906250000000000000000000e35*C1^5+258699710660275666616599526.+.21408593750000000000000000000000e35*C1^6)^(1/2))^(1/3)*((25000000000.*(-268326515625000000.*C1+5764553980355.+3543460500000000000.*C1^2-11700000000000000000.*C1^3+80.*(-.29841508339057800906250000000000e33*C1^3+11404300799903968817171484375000.*C1^2+.29492189253625781250000000000000e34*C1^4-9940998358805293375054031250.*C1-.12972671906250000000000000000000e35*C1^5+258699710660275666616599526.+.21408593750000000000000000000000e35*C1^6)^(1/2))^(1/3)*C1^2-7571000000.*(-268326515625000000.*C1+5764553980355.+3543460500000000000.*C1^2-11700000000000000000.*C1^3+80.*(-.29841508339057800906250000000000e33*C1^3+11404300799903968817171484375000.*C1^2+.29492189253625781250000000000000e34*C1^4-9940998358805293375054031250.*C1-.12972671906250000000000000000000e35*C1^5+258699710660275666616599526.+.21408593750000000000000000000000e35*C1^6)^(1/2))^(1/3)*C1+573190800.*(-268326515625000000.*C1+5764553980355.+3543460500000000000.*C1^2-11700000000000000000.*C1^3+80.*(-.29841508339057800906250000000000e33*C1^3+11404300799903968817171484375000.*C1^2+.29492189253625781250000000000000e34*C1^4-9940998358805293375054031250.*C1-.12972671906250000000000000000000e35*C1^5+258699710660275666616599526.+.21408593750000000000000000000000e35*C1^6)^(1/2))^(1/3)+31.*(-268326515625000000.*C1+5764553980355.+3543460500000000000.*C1^2-11700000000000000000.*C1^3+80.*(-.29841508339057800906250000000000e33*C1^3+11404300799903968817171484375000.*C1^2+.29492189253625781250000000000000e34*C1^4-9940998358805293375054031250.*C1-.12972671906250000000000000000000e35*C1^5+258699710660275666616599526.+.21408593750000000000000000000000e35*C1^6)^(1/2))^(2/3)+4469146000000.*C1-366733649785.-15500000000000.*C1^2)/(-268326515625000000.*C1+5764553980355.+3543460500000000000.*C1^2-11700000000000000000.*C1^3+80.*(-.29841508339057800906250000000000e33*C1^3+11404300799903968817171484375000.*C1^2+.29492189253625781250000000000000e34*C1^4-9940998358805293375054031250.*C1-.12972671906250000000000000000000e35*C1^5+258699710660275666616599526.+.21408593750000000000000000000000e35*C1^6)^(1/2))^(1/3))^(1/2)*C1+1146381600.*(-268326515625000000.*C1+5764553980355.+3543460500000000000.*C1^2-11700000000000000000.*C1^3+80.*(-.29841508339057800906250000000000e33*C1^3+11404300799903968817171484375000.*C1^2+.29492189253625781250000000000000e34*C1^4-9940998358805293375054031250.*C1-.12972671906250000000000000000000e35*C1^5+258699710660275666616599526.+.21408593750000000000000000000000e35*C1^6)^(1/2))^(1/3)*((25000000000.*(-268326515625000000.*C1+5764553980355.+3543460500000000000.*C1^2-11700000000000000000.*C1^3+80.*(-.29841508339057800906250000000000e33*C1^3+11404300799903968817171484375000.*C1^2+.29492189253625781250000000000000e34*C1^4-9940998358805293375054031250.*C1-.12972671906250000000000000000000e35*C1^5+258699710660275666616599526.+.21408593750000000000000000000000e35*C1^6)^(1/2))^(1/3)*C1^2-7571000000.*(-268326515625000000.*C1+5764553980355.+3543460500000000000.*C1^2-11700000000000000000.*C1^3+80.*(-.29841508339057800906250000000000e33*C1^3+