function [P,s] = samcurve11punt6(C1)
Pr=[

8064.5161290322580645161290322581*C1-1253.5483870967741935483870967742+.51004478389812569870949895877947e-1*((25000000000.*(-282761238165000000.*C1+6062660597855.+3637528500000000000.*C1^2-11700000000000000000.*C1^3+10.*(-.20660377141482748780000000000000e35*C1^3+.81051383915300952885157500000000e33*C1^2+.19890507667288500000000000000000e36*C1^4-724095459132289098450201000000.*C1-.85229306400000000000000000000000e36*C1^5+19329009841735212850891472534.+.13701500000000000000000000000000e37*C1^6)^(1/2))^(1/3)*C1^2-7772000000.*(-282761238165000000.*C1+6062660597855.+3637528500000000000.*C1^2-11700000000000000000.*C1^3+10.*(-.20660377141482748780000000000000e35*C1^3+.81051383915300952885157500000000e33*C1^2+.19890507667288500000000000000000e36*C1^4-724095459132289098450201000000.*C1-.85229306400000000000000000000000e36*C1^5+19329009841735212850891472534.+.13701500000000000000000000000000e37*C1^6)^(1/2))^(1/3)*C1+604030230.*(-282761238165000000.*C1+6062660597855.+3637528500000000000.*C1^2-11700000000000000000.*C1^3+10.*(-.20660377141482748780000000000000e35*C1^3+.81051383915300952885157500000000e33*C1^2+.19890507667288500000000000000000e36*C1^4-724095459132289098450201000000.*C1-.85229306400000000000000000000000e36*C1^5+19329009841735212850891472534.+.13701500000000000000000000000000e37*C1^6)^(1/2))^(1/3)+31.*(-282761238165000000.*C1+6062660597855.+3637528500000000000.*C1^2-11700000000000000000.*C1^3+10.*(-.20660377141482748780000000000000e35*C1^3+.81051383915300952885157500000000e33*C1^2+.19890507667288500000000000000000e36*C1^4-724095459132289098450201000000.*C1-.85229306400000000000000000000000e36*C1^5+19329009841735212850891472534.+.13701500000000000000000000000000e37*C1^6)^(1/2))^(2/3)+4593766000000.*C1-386155427545.-15500000000000.*C1^2)/(-282761238165000000.*C1+6062660597855.+3637528500000000000.*C1^2-11700000000000000000.*C1^3+10.*(-.20660377141482748780000000000000e35*C1^3+.81051383915300952885157500000000e33*C1^2+.19890507667288500000000000000000e36*C1^4-724095459132289098450201000000.*C1-.85229306400000000000000000000000e36*C1^5+19329009841735212850891472534.+.13701500000000000000000000000000e37*C1^6)^(1/2))^(1/3))^(1/2)+.51004478389812569870949895877947e-1*((50000000000.*(-282761238165000000.*C1+6062660597855.+3637528500000000000.*C1^2-11700000000000000000.*C1^3+10.*(-.20660377141482748780000000000000e35*C1^3+.81051383915300952885157500000000e33*C1^2+.19890507667288500000000000000000e36*C1^4-724095459132289098450201000000.*C1-.85229306400000000000000000000000e36*C1^5+19329009841735212850891472534.+.13701500000000000000000000000000e37*C1^6)^(1/2))^(1/3)*((25000000000.*(-282761238165000000.*C1+6062660597855.+3637528500000000000.*C1^2-11700000000000000000.*C1^3+10.*(-.20660377141482748780000000000000e35*C1^3+.81051383915300952885157500000000e33*C1^2+.19890507667288500000000000000000e36*C1^4-724095459132289098450201000000.*C1-.85229306400000000000000000000000e36*C1^5+19329009841735212850891472534.+.13701500000000000000000000000000e37*C1^6)^(1/2))^(1/3)*C1^2-7772000000.*(-282761238165000000.*C1+6062660597855.+3637528500000000000.*C1^2-11700000000000000000.*C1^3+10.*(-.20660377141482748780000000000000e35*C1^3+.81051383915300952885157500000000e33*C1^2+.19890507667288500000000000000000e36*C1^4-724095459132289098450201000000.*C1-.85229306400000000000000000000000e36*C1^5+19329009841735212850891472534.+.13701500000000000000000000000000e37*C1^6)^(1/2))^(1/3)*C1+604030230.*(-282761238165000000.*C1+6062660597855.+3637528500000000000.*C1^2-11700000000000000000.*C1^3+10.*(-.20660377141482748780000000000000e35*C1^3+.81051383915300952885157500000000e33*C1^2+.19890507667288500000000000000000e36*C1^4-724095459132289098450201000000.*C1-.85229306400000000000000000000000e36*C1^5+19329009841735212850891472534.+.13701500000000000000000000000000e37*C1^6)^(1/2))^(1/3)+31.*(-282761238165000000.*C1+6062660597855.+3637528500000000000.*C1^2-11700000000000000000.*C1^3+10.*(-.20660377141482748780000000000000e35*C1^3+.81051383915300952885157500000000e33*C1^2+.19890507667288500000000000000000e36*C1^4-724095459132289098450201000000.*C1-.85229306400000000000000000000000e36*C1^5+19329009841735212850891472534.+.13701500000000000000000000000000e37*C1^6)^(1/2))^(2/3)+4593766000000.*C1-386155427545.-15500000000000.*C1^2)/(-282761238165000000.*C1+6062660597855.+3637528500000000000.*C1^2-11700000000000000000.*C1^3+10.*(-.20660377141482748780000000000000e35*C1^3+.81051383915300952885157500000000e33*C1^2+.19890507667288500000000000000000e36*C1^4-724095459132289098450201000000.*C1-.85229306400000000000000000000000e36*C1^5+19329009841735212850891472534.+.13701500000000000000000000000000e37*C1^6)^(1/2))^(1/3))^(1/2)*C1^2-15544000000.*(-282761238165000000.*C1+6062660597855.+3637528500000000000.*C1^2-11700000000000000000.*C1^3+10.*(-.20660377141482748780000000000000e35*C1^3+.81051383915300952885157500000000e33*C1^2+.19890507667288500000000000000000e36*C1^4-724095459132289098450201000000.*C1-.85229306400000000000000000000000e36*C1^5+19329009841735212850891472534.+.13701500000000000000000000000000e37*C1^6)^(1/2))^(1/3)*((25000000000.*(-282761238165000000.*C1+6062660597855.+3637528500000000000.*C1^2-11700000000000000000.*C1^3+10.*(-.20660377141482748780000000000000e35*C1^3+.81051383915300952885157500000000e33*C1^2+.19890507667288500000000000000000e36*C1^4-724095459132289098450201000000.*C1-.85229306400000000000000000000000e36*C1^5+19329009841735212850891472534.+.13701500000000000000000000000000e37*C1^6)^(1/2))^(1/3)*C1^2-7772000000.*(-282761238165000000.*C1+6062660597855.+3637528500000000000.*C1^2-11700000000000000000.*C1^3+10.*(-.20660377141482748780000000000000e35*C1^3+.81051383915300952885157500000000e33*C1^2+.19890507667288500000000000000000e36*C1^4-724095459132289098450201000000.*C1-.85229306400000000000000000000000e36*C1^5+19329009841735212850891472534.+.13701500000000000000000000000000e37*C1^6)^(1/2))^(1/3)*C1+604030230.*(-282761238165000000.*C1+6062660597855.+3637528500000000000.*C1^2-11700000000000000000.*C1^3+10.*(-.20660377141482748780000000000000e35*C1^3+.81051383915300952885157500000000e33*C1^2+.19890507667288500000000000000000e36*C1^4-724095459132289098450201000000.*C1-.85229306400000000000000000000000e36*C1^5+19329009841735212850891472534.+.13701500000000000000000000000000e37*C1^6)^(1/2))^(1/3)+31.*(-282761238165000000.*C1+6062660597855.+3637528500000000000.*C1^2-11700000000000000000.*C1^3+10.*(-.20660377141482748780000000000000e35*C1^3+.81051383915300952885157500000000e33*C1^2+.19890507667288500000000000000000e36*C1^4-724095459132289098450201000000.*C1-.85229306400000000000000000000000e36*C1^5+19329009841735212850891472534.+.13701500000000000000000000000000e37*C1^6)^(1/2))^(2/3)+4593766000000.*C1-386155427545.-15500000000000.*C1^2)/(-282761238165000000.*C1+6062660597855.+3637528500000000000.*C1^2-11700000000000000000.*C1^3+10.*(-.20660377141482748780000000000000e35*C1^3+.81051383915300952885157500000000e33*C1^2+.19890507667288500000000000000000e36*C1^4-724095459132289098450201000000.*C1-.85229306400000000000000000000000e36*C1^5+19329009841735212850891472534.+.13701500000000000000000000000000e37*C1^6)^(1/2))^(1/3))^(1/2)*C1+1208060460.*(-282761238165000000.*C1+6062660597855.+3637528500000000000.*C1^2-11700000000000000000.*C1^3+10.*(-.20660377141482748780000000000000e35*C1^3+.81051383915300952885157500000000e33*C1^2+.19890507667288500000000000000000e36*C1^4-724095459132289098450201000000.*C1-.85229306400000000000000000000000e36*C1^5+19329009841735212850891472534.+.13701500000000000000000000000000e37*C1^6)^(1/2))^(1/3)*((25000000000.*(-282761238165000000.*C1+6062660597855.+3637528500000000000.*C1^2-11700000000000000000.*C1^3+10.*(-.20660377141482748780000000000000e35*C1^3+.81051383915300952885157500000000e33*C1^2+.19890507667288500000000000000000e36*C1^4-724095459132289098450201000000.*C1-.85229306400000000000000000000000e36*C1^5+19329009841735212850891472534.+.13701500000000000000000000000000e37*C1^6)^(1/2))^(1/3)*C1^2-7772000000.*(-282761