function [P,s] = samcurve10punt3(C1)
Pr=[

8064.5161290322580645161290322581*C1-1113.0645161290322580645161290323+.51004478389812569870949895877947e-1*((25000000000.*(-222941881425000000.*C1+4825137265355.+3229900500000000000.*C1^2-11700000000000000000.*C1^3+20.*(-.36159415493918606450000000000000e34*C1^3+.12596441992171374515424375000000e33*C1^2+.39205351841951250000000000000000e35*C1^4-100696645823216372012592000000.*C1-.18919436550000000000000000000000e36*C1^5+2395404855195963274383415766.+.34253750000000000000000000000000e36*C1^6)^(1/2))^(1/3)*C1^2-6901000000.*(-222941881425000000.*C1+4825137265355.+3229900500000000000.*C1^2-11700000000000000000.*C1^3+20.*(-.36159415493918606450000000000000e34*C1^3+.12596441992171374515424375000000e33*C1^2+.39205351841951250000000000000000e35*C1^4-100696645823216372012592000000.*C1-.18919436550000000000000000000000e36*C1^5+2395404855195963274383415766.+.34253750000000000000000000000000e36*C1^6)^(1/2))^(1/3)*C1+476228400.*(-222941881425000000.*C1+4825137265355.+3229900500000000000.*C1^2-11700000000000000000.*C1^3+20.*(-.36159415493918606450000000000000e34*C1^3+.12596441992171374515424375000000e33*C1^2+.39205351841951250000000000000000e35*C1^4-100696645823216372012592000000.*C1-.18919436550000000000000000000000e36*C1^5+2395404855195963274383415766.+.34253750000000000000000000000000e36*C1^6)^(1/2))^(1/3)+31.*(-222941881425000000.*C1+4825137265355.+3229900500000000000.*C1^2-11700000000000000000.*C1^3+20.*(-.36159415493918606450000000000000e34*C1^3+.12596441992171374515424375000000e33*C1^2+.39205351841951250000000000000000e35*C1^4-100696645823216372012592000000.*C1-.18919436550000000000000000000000e36*C1^5+2395404855195963274383415766.+.34253750000000000000000000000000e36*C1^6)^(1/2))^(2/3)+4053746000000.*C1-305612524585.-15500000000000.*C1^2)/(-222941881425000000.*C1+4825137265355.+3229900500000000000.*C1^2-11700000000000000000.*C1^3+20.*(-.36159415493918606450000000000000e34*C1^3+.12596441992171374515424375000000e33*C1^2+.39205351841951250000000000000000e35*C1^4-100696645823216372012592000000.*C1-.18919436550000000000000000000000e36*C1^5+2395404855195963274383415766.+.34253750000000000000000000000000e36*C1^6)^(1/2))^(1/3))^(1/2)+.51004478389812569870949895877947e-1*((50000000000.*(-222941881425000000.*C1+4825137265355.+3229900500000000000.*C1^2-11700000000000000000.*C1^3+20.*(-.36159415493918606450000000000000e34*C1^3+.12596441992171374515424375000000e33*C1^2+.39205351841951250000000000000000e35*C1^4-100696645823216372012592000000.*C1-.18919436550000000000000000000000e36*C1^5+2395404855195963274383415766.+.34253750000000000000000000000000e36*C1^6)^(1/2))^(1/3)*((25000000000.*(-222941881425000000.*C1+4825137265355.+3229900500000000000.*C1^2-11700000000000000000.*C1^3+20.*(-.36159415493918606450000000000000e34*C1^3+.12596441992171374515424375000000e33*C1^2+.39205351841951250000000000000000e35*C1^4-100696645823216372012592000000.*C1-.18919436550000000000000000000000e36*C1^5+2395404855195963274383415766.+.34253750000000000000000000000000e36*C1^6)^(1/2))^(1/3)*C1^2-6901000000.*(-222941881425000000.*C1+4825137265355.+3229900500000000000.*C1^2-11700000000000000000.*C1^3+20.*(-.36159415493918606450000000000000e34*C1^3+.12596441992171374515424375000000e33*C1^2+.39205351841951250000000000000000e35*C1^4-100696645823216372012592000000.*C1-.18919436550000000000000000000000e36*C1^5+2395404855195963274383415766.+.34253750000000000000000000000000e36*C1^6)^(1/2))^(1/3)*C1+476228400.*(-222941881425000000.*C1+4825137265355.+3229900500000000000.*C1^2-11700000000000000000.*C1^3+20.*(-.36159415493918606450000000000000e34*C1^3+.12596441992171374515424375000000e33*C1^2+.39205351841951250000000000000000e35*C1^4-100696645823216372012592000000.*C1-.18919436550000000000000000000000e36*C1^5+2395404855195963274383415766.+.34253750000000000000000000000000e36*C1^6)^(1/2))^(1/3)+31.*(-222941881425000000.*C1+4825137265355.+3229900500000000000.*C1^2-11700000000000000000.*C1^3+20.*(-.36159415493918606450000000000000e34*C1^3+.12596441992171374515424375000000e33*C1^2+.39205351841951250000000000000000e35*C1^4-100696645823216372012592000000.*C1-.18919436550000000000000000000000e36*C1^5+2395404855195963274383415766.+.34253750000000000000000000000000e36*C1^6)^(1/2))^(2/3)+4053746000000.*C1-305612524585.-15500000000000.*C1^2)/(-222941881425000000.*C1+4825137265355.+3229900500000000000.*C1^2-11700000000000000000.*C1^3+20.*(-.36159415493918606450000000000000e34*C1^3+.12596441992171374515424375000000e33*C1^2+.39205351841951250000000000000000e35*C1^4-100696645823216372012592000000.*C1-.18919436550000000000000000000000e36*C1^5+2395404855195963274383415766.+.34253750000000000000000000000000e36*C1^6)^(1/2))^(1/3))^(1/2)*C1^2-13802000000.*(-222941881425000000.*C1+4825137265355.+3229900500000000000.*C1^2-11700000000000000000.*C1^3+20.*(-.36159415493918606450000000000000e34*C1^3+.12596441992171374515424375000000e33*C1^2+.39205351841951250000000000000000e35*C1^4-100696645823216372012592000000.*C1-.18919436550000000000000000000000e36*C1^5+2395404855195963274383415766.+.34253750000000000000000000000000e36*C1^6)^(1/2))^(1/3)*((25000000000.*(-222941881425000000.*C1+4825137265355.+3229900500000000000.*C1^2-11700000000000000000.*C1^3+20.*(-.36159415493918606450000000000000e34*C1^3+.12596441992171374515424375000000e33*C1^2+.39205351841951250000000000000000e35*C1^4-100696645823216372012592000000.*C1-.18919436550000000000000000000000e36*C1^5+2395404855195963274383415766.+.34253750000000000000000000000000e36*C1^6)^(1/2))^(1/3)*C1^2-6901000000.*(-222941881425000000.*C1+4825137265355.+3229900500000000000.*C1^2-11700000000000000000.*C1^3+20.*(-.36159415493918606450000000000000e34*C1^3+.12596441992171374515424375000000e33*C1^2+.39205351841951250000000000000000e35*C1^4-100696645823216372012592000000.*C1-.18919436550000000000000000000000e36*C1^5+2395404855195963274383415766.+.34253750000000000000000000000000e36*C1^6)^(1/2))^(1/3)*C1+476228400.*(-222941881425000000.*C1+4825137265355.+3229900500000000000.*C1^2-11700000000000000000.*C1^3+20.*(-.36159415493918606450000000000000e34*C1^3+.12596441992171374515424375000000e33*C1^2+.39205351841951250000000000000000e35*C1^4-100696645823216372012592000000.*C1-.18919436550000000000000000000000e36*C1^5+2395404855195963274383415766.+.34253750000000000000000000000000e36*C1^6)^(1/2))^(1/3)+31.*(-222941881425000000.*C1+4825137265355.+3229900500000000000.*C1^2-11700000000000000000.*C1^3+20.*(-.36159415493918606450000000000000e34*C1^3+.12596441992171374515424375000000e33*C1^2+.39205351841951250000000000000000e35*C1^4-100696645823216372012592000000.*C1-.18919436550000000000000000000000e36*C1^5+2395404855195963274383415766.+.34253750000000000000000000000000e36*C1^6)^(1/2))^(2/3)+4053746000000.*C1-305612524585.-15500000000000.*C1^2)/(-222941881425000000.*C1+4825137265355.+3229900500000000000.*C1^2-11700000000000000000.*C1^3+20.*(-.36159415493918606450000000000000e34*C1^3+.12596441992171374515424375000000e33*C1^2+.39205351841951250000000000000000e35*C1^4-100696645823216372012592000000.*C1-.18919436550000000000000000000000e36*C1^5+2395404855195963274383415766.+.34253750000000000000000000000000e36*C1^6)^(1/2))^(1/3))^(1/2)*C1+952456800.*(-222941881425000000.*C1+4825137265355.+3229900500000000000.*C1^2-11700000000000000000.*C1^3+20.*(-.36159415493918606450000000000000e34*C1^3+.12596441992171374515424375000000e33*C1^2+.39205351841951250000000000000000e35*C1^4-100696645823216372012592000000.*C1-.18919436550000000000000000000000e36*C1^5+2395404855195963274383415766.+.34253750000000000000000000000000e36*C1^6)^(1/2))^(1/3)*((25000000000.*(-222941881425000000.*C1+4825137265355.+3229900500000000000.*C1^2-11700000000000000000.*C1^3+20.*(-.36159415493918606450000000000000e34*C1^3+.12596441992171374515424375000000e33*C1^2+.39205351841951250000000000000000e35*C1^4-100696645823216372012592000000.*C1-.18919436550000000000000000000000e36*C1^5+2395404855195963274383415766.+.34253750000000000000000000000000e36*C1^6)^(1/2))^(1/3)*C1^2-6901000000.*(-222941881425000000.*C1+482