function [P,s] = samcurve11punt5(C1)
Pr=[

8064.5161290322580645161290322581*C1-1242.7419354838709677419354838710+.51004478389812569870949895877947e-1*((25000000000.*(-277907646945000000.*C1+5962456771355.+3606172500000000000.*C1^2-11700000000000000000.*C1^3+20.*(-.50326668138431960450000000000000e34*C1^3+.19573204683353004928284375000000e33*C1^2+.48872622889811250000000000000000e35*C1^4-173447590590852225553143000000.*C1-.21123642750000000000000000000000e36*C1^5+4591246657834912368273381926.+.34253750000000000000000000000000e36*C1^6)^(1/2))^(1/3)*C1^2-7705000000.*(-277907646945000000.*C1+5962456771355.+3606172500000000000.*C1^2-11700000000000000000.*C1^3+20.*(-.50326668138431960450000000000000e34*C1^3+.19573204683353004928284375000000e33*C1^2+.48872622889811250000000000000000e35*C1^4-173447590590852225553143000000.*C1-.21123642750000000000000000000000e36*C1^5+4591246657834912368273381926.+.34253750000000000000000000000000e36*C1^6)^(1/2))^(1/3)*C1+593660640.*(-277907646945000000.*C1+5962456771355.+3606172500000000000.*C1^2-11700000000000000000.*C1^3+20.*(-.50326668138431960450000000000000e34*C1^3+.19573204683353004928284375000000e33*C1^2+.48872622889811250000000000000000e35*C1^4-173447590590852225553143000000.*C1-.21123642750000000000000000000000e36*C1^5+4591246657834912368273381926.+.34253750000000000000000000000000e36*C1^6)^(1/2))^(1/3)+31.*(-277907646945000000.*C1+5962456771355.+3606172500000000000.*C1^2-11700000000000000000.*C1^3+20.*(-.50326668138431960450000000000000e34*C1^3+.19573204683353004928284375000000e33*C1^2+.48872622889811250000000000000000e35*C1^4-173447590590852225553143000000.*C1-.21123642750000000000000000000000e36*C1^5+4591246657834912368273381926.+.34253750000000000000000000000000e36*C1^6)^(1/2))^(2/3)+4552226000000.*C1-379625838025.-15500000000000.*C1^2)/(-277907646945000000.*C1+5962456771355.+3606172500000000000.*C1^2-11700000000000000000.*C1^3+20.*(-.50326668138431960450000000000000e34*C1^3+.19573204683353004928284375000000e33*C1^2+.48872622889811250000000000000000e35*C1^4-173447590590852225553143000000.*C1-.21123642750000000000000000000000e36*C1^5+4591246657834912368273381926.+.34253750000000000000000000000000e36*C1^6)^(1/2))^(1/3))^(1/2)+.51004478389812569870949895877947e-1*((50000000000.*(-277907646945000000.*C1+5962456771355.+3606172500000000000.*C1^2-11700000000000000000.*C1^3+20.*(-.50326668138431960450000000000000e34*C1^3+.19573204683353004928284375000000e33*C1^2+.48872622889811250000000000000000e35*C1^4-173447590590852225553143000000.*C1-.21123642750000000000000000000000e36*C1^5+4591246657834912368273381926.+.34253750000000000000000000000000e36*C1^6)^(1/2))^(1/3)*((25000000000.*(-277907646945000000.*C1+5962456771355.+3606172500000000000.*C1^2-11700000000000000000.*C1^3+20.*(-.50326668138431960450000000000000e34*C1^3+.19573204683353004928284375000000e33*C1^2+.48872622889811250000000000000000e35*C1^4-173447590590852225553143000000.*C1-.21123642750000000000000000000000e36*C1^5+4591246657834912368273381926.+.34253750000000000000000000000000e36*C1^6)^(1/2))^(1/3)*C1^2-7705000000.*(-277907646945000000.*C1+5962456771355.+3606172500000000000.*C1^2-11700000000000000000.*C1^3+20.*(-.50326668138431960450000000000000e34*C1^3+.19573204683353004928284375000000e33*C1^2+.48872622889811250000000000000000e35*C1^4-173447590590852225553143000000.*C1-.21123642750000000000000000000000e36*C1^5+4591246657834912368273381926.+.34253750000000000000000000000000e36*C1^6)^(1/2))^(1/3)*C1+593660640.*(-277907646945000000.*C1+5962456771355.+3606172500000000000.*C1^2-11700000000000000000.*C1^3+20.*(-.50326668138431960450000000000000e34*C1^3+.19573204683353004928284375000000e33*C1^2+.48872622889811250000000000000000e35*C1^4-173447590590852225553143000000.*C1-.21123642750000000000000000000000e36*C1^5+4591246657834912368273381926.+.34253750000000000000000000000000e36*C1^6)^(1/2))^(1/3)+31.*(-277907646945000000.*C1+5962456771355.+3606172500000000000.*C1^2-11700000000000000000.*C1^3+20.*(-.50326668138431960450000000000000e34*C1^3+.19573204683353004928284375000000e33*C1^2+.48872622889811250000000000000000e35*C1^4-173447590590852225553143000000.*C1-.21123642750000000000000000000000e36*C1^5+4591246657834912368273381926.+.34253750000000000000000000000000e36*C1^6)^(1/2))^(2/3)+4552226000000.*C1-379625838025.-15500000000000.*C1^2)/(-277907646945000000.*C1+5962456771355.+3606172500000000000.*C1^2-11700000000000000000.*C1^3+20.*(-.50326668138431960450000000000000e34*C1^3+.19573204683353004928284375000000e33*C1^2+.48872622889811250000000000000000e35*C1^4-173447590590852225553143000000.*C1-.21123642750000000000000000000000e36*C1^5+4591246657834912368273381926.+.34253750000000000000000000000000e36*C1^6)^(1/2))^(1/3))^(1/2)*C1^2-15410000000.*(-277907646945000000.*C1+5962456771355.+3606172500000000000.*C1^2-11700000000000000000.*C1^3+20.*(-.50326668138431960450000000000000e34*C1^3+.19573204683353004928284375000000e33*C1^2+.48872622889811250000000000000000e35*C1^4-173447590590852225553143000000.*C1-.21123642750000000000000000000000e36*C1^5+4591246657834912368273381926.+.34253750000000000000000000000000e36*C1^6)^(1/2))^(1/3)*((25000000000.*(-277907646945000000.*C1+5962456771355.+3606172500000000000.*C1^2-11700000000000000000.*C1^3+20.*(-.50326668138431960450000000000000e34*C1^3+.19573204683353004928284375000000e33*C1^2+.48872622889811250000000000000000e35*C1^4-173447590590852225553143000000.*C1-.21123642750000000000000000000000e36*C1^5+4591246657834912368273381926.+.34253750000000000000000000000000e36*C1^6)^(1/2))^(1/3)*C1^2-7705000000.*(-277907646945000000.*C1+5962456771355.+3606172500000000000.*C1^2-11700000000000000000.*C1^3+20.*(-.50326668138431960450000000000000e34*C1^3+.19573204683353004928284375000000e33*C1^2+.48872622889811250000000000000000e35*C1^4-173447590590852225553143000000.*C1-.21123642750000000000000000000000e36*C1^5+4591246657834912368273381926.+.34253750000000000000000000000000e36*C1^6)^(1/2))^(1/3)*C1+593660640.*(-277907646945000000.*C1+5962456771355.+3606172500000000000.*C1^2-11700000000000000000.*C1^3+20.*(-.50326668138431960450000000000000e34*C1^3+.19573204683353004928284375000000e33*C1^2+.48872622889811250000000000000000e35*C1^4-173447590590852225553143000000.*C1-.21123642750000000000000000000000e36*C1^5+4591246657834912368273381926.+.34253750000000000000000000000000e36*C1^6)^(1/2))^(1/3)+31.*(-277907646945000000.*C1+5962456771355.+3606172500000000000.*C1^2-11700000000000000000.*C1^3+20.*(-.50326668138431960450000000000000e34*C1^3+.19573204683353004928284375000000e33*C1^2+.48872622889811250000000000000000e35*C1^4-173447590590852225553143000000.*C1-.21123642750000000000000000000000e36*C1^5+4591246657834912368273381926.+.34253750000000000000000000000000e36*C1^6)^(1/2))^(2/3)+4552226000000.*C1-379625838025.-15500000000000.*C1^2)/(-277907646945000000.*C1+5962456771355.+3606172500000000000.*C1^2-11700000000000000000.*C1^3+20.*(-.50326668138431960450000000000000e34*C1^3+.19573204683353004928284375000000e33*C1^2+.48872622889811250000000000000000e35*C1^4-173447590590852225553143000000.*C1-.21123642750000000000000000000000e36*C1^5+4591246657834912368273381926.+.34253750000000000000000000000000e36*C1^6)^(1/2))^(1/3))^(1/2)*C1+1187321280.*(-277907646945000000.*C1+5962456771355.+3606172500000000000.*C1^2-11700000000000000000.*C1^3+20.*(-.50326668138431960450000000000000e34*C1^3+.19573204683353004928284375000000e33*C1^2+.48872622889811250000000000000000e35*C1^4-173447590590852225553143000000.*C1-.21123642750000000000000000000000e36*C1^5+4591246657834912368273381926.+.34253750000000000000000000000000e36*C1^6)^(1/2))^(1/3)*((25000000000.*(-277907646945000000.*C1+5962456771355.+3606172500000000000.*C1^2-11700000000000000000.*C1^3+20.*(-.50326668138431960450000000000000e34*C1^3+.19573204683353004928284375000000e33*C1^2+.48872622889811250000000000000000e35*C1^4-173447590590852225553143000000.*C1-.21123642750000000000000000000000e36*C1^5+4591246657834912368273381926.+.34253750000000000000000000000000e36*C1^6)^(1/2))^(1/3)*C1^2-7705000000.*(-277907646945000000.*C1+59