function [P,s] = samcurve11punt9(C1)
Pr=[

8064.5161290322580645161290322581*C1-1285.9677419354838709677419354839+.51004478389812569870949895877947e-1*((25000000000.*(-297574114065000000.*C1+6368281801355.+3731596500000000000.*C1^2-11700000000000000000.*C1^3+20.*(-.55762738571571526450000000000000e34*C1^3+.22441417370048531456304375000000e33*C1^2+.52331552949071250000000000000000e35*C1^4-205354663167202296136164000000.*C1-.21858378150000000000000000000000e36*C1^5+5619422906207670410681078006.+.34253750000000000000000000000000e36*C1^6)^(1/2))^(1/3)*C1^2-7973000000.*(-297574114065000000.*C1+6368281801355.+3731596500000000000.*C1^2-11700000000000000000.*C1^3+20.*(-.55762738571571526450000000000000e34*C1^3+.22441417370048531456304375000000e33*C1^2+.52331552949071250000000000000000e35*C1^4-205354663167202296136164000000.*C1-.21858378150000000000000000000000e36*C1^5+5619422906207670410681078006.+.34253750000000000000000000000000e36*C1^6)^(1/2))^(1/3)*C1+635677680.*(-297574114065000000.*C1+6368281801355.+3731596500000000000.*C1^2-11700000000000000000.*C1^3+20.*(-.55762738571571526450000000000000e34*C1^3+.22441417370048531456304375000000e33*C1^2+.52331552949071250000000000000000e35*C1^4-205354663167202296136164000000.*C1-.21858378150000000000000000000000e36*C1^5+5619422906207670410681078006.+.34253750000000000000000000000000e36*C1^6)^(1/2))^(1/3)+31.*(-297574114065000000.*C1+6368281801355.+3731596500000000000.*C1^2-11700000000000000000.*C1^3+20.*(-.55762738571571526450000000000000e34*C1^3+.22441417370048531456304375000000e33*C1^2+.52331552949071250000000000000000e35*C1^4-205354663167202296136164000000.*C1-.21858378150000000000000000000000e36*C1^5+5619422906207670410681078006.+.34253750000000000000000000000000e36*C1^6)^(1/2))^(2/3)+4718386000000.*C1-406078177705.-15500000000000.*C1^2)/(-297574114065000000.*C1+6368281801355.+3731596500000000000.*C1^2-11700000000000000000.*C1^3+20.*(-.55762738571571526450000000000000e34*C1^3+.22441417370048531456304375000000e33*C1^2+.52331552949071250000000000000000e35*C1^4-205354663167202296136164000000.*C1-.21858378150000000000000000000000e36*C1^5+5619422906207670410681078006.+.34253750000000000000000000000000e36*C1^6)^(1/2))^(1/3))^(1/2)+.16129032258064516129032258064516e-1*(-1.*(-500000000000.*(-297574114065000000.*C1+6368281801355.+3731596500000000000.*C1^2-11700000000000000000.*C1^3+20.*(-.55762738571571526450000000000000e34*C1^3+.22441417370048531456304375000000e33*C1^2+.52331552949071250000000000000000e35*C1^4-205354663167202296136164000000.*C1-.21858378150000000000000000000000e36*C1^5+5619422906207670410681078006.+.34253750000000000000000000000000e36*C1^6)^(1/2))^(1/3)*((25000000000.*(-297574114065000000.*C1+6368281801355.+3731596500000000000.*C1^2-11700000000000000000.*C1^3+20.*(-.55762738571571526450000000000000e34*C1^3+.22441417370048531456304375000000e33*C1^2+.52331552949071250000000000000000e35*C1^4-205354663167202296136164000000.*C1-.21858378150000000000000000000000e36*C1^5+5619422906207670410681078006.+.34253750000000000000000000000000e36*C1^6)^(1/2))^(1/3)*C1^2-7973000000.*(-297574114065000000.*C1+6368281801355.+3731596500000000000.*C1^2-11700000000000000000.*C1^3+20.*(-.55762738571571526450000000000000e34*C1^3+.22441417370048531456304375000000e33*C1^2+.52331552949071250000000000000000e35*C1^4-205354663167202296136164000000.*C1-.21858378150000000000000000000000e36*C1^5+5619422906207670410681078006.+.34253750000000000000000000000000e36*C1^6)^(1/2))^(1/3)*C1+635677680.*(-297574114065000000.*C1+6368281801355.+3731596500000000000.*C1^2-11700000000000000000.*C1^3+20.*(-.55762738571571526450000000000000e34*C1^3+.22441417370048531456304375000000e33*C1^2+.52331552949071250000000000000000e35*C1^4-205354663167202296136164000000.*C1-.21858378150000000000000000000000e36*C1^5+5619422906207670410681078006.+.34253750000000000000000000000000e36*C1^6)^(1/2))^(1/3)+31.*(-297574114065000000.*C1+6368281801355.+3731596500000000000.*C1^2-11700000000000000000.*C1^3+20.*(-.55762738571571526450000000000000e34*C1^3+.22441417370048531456304375000000e33*C1^2+.52331552949071250000000000000000e35*C1^4-205354663167202296136164000000.*C1-.21858378150000000000000000000000e36*C1^5+5619422906207670410681078006.+.34253750000000000000000000000000e36*C1^6)^(1/2))^(2/3)+4718386000000.*C1-406078177705.-15500000000000.*C1^2)/(-297574114065000000.*C1+6368281801355.+3731596500000000000.*C1^2-11700000000000000000.*C1^3+20.*(-.55762738571571526450000000000000e34*C1^3+.22441417370048531456304375000000e33*C1^2+.52331552949071250000000000000000e35*C1^4-205354663167202296136164000000.*C1-.21858378150000000000000000000000e36*C1^5+5619422906207670410681078006.+.34253750000000000000000000000000e36*C1^6)^(1/2))^(1/3))^(1/2)*C1^2+159460000000.*(-297574114065000000.*C1+6368281801355.+3731596500000000000.*C1^2-11700000000000000000.*C1^3+20.*(-.55762738571571526450000000000000e34*C1^3+.22441417370048531456304375000000e33*C1^2+.52331552949071250000000000000000e35*C1^4-205354663167202296136164000000.*C1-.21858378150000000000000000000000e36*C1^5+5619422906207670410681078006.+.34253750000000000000000000000000e36*C1^6)^(1/2))^(1/3)*((25000000000.*(-297574114065000000.*C1+6368281801355.+3731596500000000000.*C1^2-11700000000000000000.*C1^3+20.*(-.55762738571571526450000000000000e34*C1^3+.22441417370048531456304375000000e33*C1^2+.52331552949071250000000000000000e35*C1^4-205354663167202296136164000000.*C1-.21858378150000000000000000000000e36*C1^5+5619422906207670410681078006.+.34253750000000000000000000000000e36*C1^6)^(1/2))^(1/3)*C1^2-7973000000.*(-297574114065000000.*C1+6368281801355.+3731596500000000000.*C1^2-11700000000000000000.*C1^3+20.*(-.55762738571571526450000000000000e34*C1^3+.22441417370048531456304375000000e33*C1^2+.52331552949071250000000000000000e35*C1^4-205354663167202296136164000000.*C1-.21858378150000000000000000000000e36*C1^5+5619422906207670410681078006.+.34253750000000000000000000000000e36*C1^6)^(1/2))^(1/3)*C1+635677680.*(-297574114065000000.*C1+6368281801355.+3731596500000000000.*C1^2-11700000000000000000.*C1^3+20.*(-.55762738571571526450000000000000e34*C1^3+.22441417370048531456304375000000e33*C1^2+.52331552949071250000000000000000e35*C1^4-205354663167202296136164000000.*C1-.21858378150000000000000000000000e36*C1^5+5619422906207670410681078006.+.34253750000000000000000000000000e36*C1^6)^(1/2))^(1/3)+31.*(-297574114065000000.*C1+6368281801355.+3731596500000000000.*C1^2-11700000000000000000.*C1^3+20.*(-.55762738571571526450000000000000e34*C1^3+.22441417370048531456304375000000e33*C1^2+.52331552949071250000000000000000e35*C1^4-205354663167202296136164000000.*C1-.21858378150000000000000000000000e36*C1^5+5619422906207670410681078006.+.34253750000000000000000000000000e36*C1^6)^(1/2))^(2/3)+4718386000000.*C1-406078177705.-15500000000000.*C1^2)/(-297574114065000000.*C1+6368281801355.+3731596500000000000.*C1^2-11700000000000000000.*C1^3+20.*(-.55762738571571526450000000000000e34*C1^3+.22441417370048531456304375000000e33*C1^2+.52331552949071250000000000000000e35*C1^4-205354663167202296136164000000.*C1-.21858378150000000000000000000000e36*C1^5+5619422906207670410681078006.+.34253750000000000000000000000000e36*C1^6)^(1/2))^(1/3))^(1/2)*C1-12713553600.*(-297574114065000000.*C1+6368281801355.+3731596500000000000.*C1^2-11700000000000000000.*C1^3+20.*(-.55762738571571526450000000000000e34*C1^3+.22441417370048531456304375000000e33*C1^2+.52331552949071250000000000000000e35*C1^4-205354663167202296136164000000.*C1-.21858378150000000000000000000000e36*C1^5+5619422906207670410681078006.+.34253750000000000000000000000000e36*C1^6)^(1/2))^(1/3)*((25000000000.*(-297574114065000000.*C1+6368281801355.+3731596500000000000.*C1^2-11700000000000000000.*C1^3+20.*(-.55762738571571526450000000000000e34*C1^3+.22441417370048531456304375000000e33*C1^2+.52331552949071250000000000000000e35*C1^4-205354663167202296136164000000.*C1-.21858378150000000000000000000000e36*C1^5+5619422906207670410681078006.+.34253750000000000000000000000000e36*C1^6)^(1/2))^(1/3)*C1^2-7973000000.*(-29757411406500000