function [P,s] = samcurve11punt4(C1)
Pr=[

8064.5161290322580645161290322581*C1-1231.9354838709677419354838709677+.51004478389812569870949895877947e-1*((25000000000.*(-273096072765000000.*C1+5863087898855.+3574816500000000000.*C1^2-11700000000000000000.*C1^3+10.*(-.19610089790575523580000000000000e35*C1^3+.75605275675177787749117500000000e33*C1^2+.19210546974268500000000000000000e36*C1^4-664508553085072574205471000000.*C1-.83759835600000000000000000000000e36*C1^5+17441365866942828828845693574.+.13701500000000000000000000000000e37*C1^6)^(1/2))^(1/3)*C1^2-7638000000.*(-273096072765000000.*C1+5863087898855.+3574816500000000000.*C1^2-11700000000000000000.*C1^3+10.*(-.19610089790575523580000000000000e35*C1^3+.75605275675177787749117500000000e33*C1^2+.19210546974268500000000000000000e36*C1^4-664508553085072574205471000000.*C1-.83759835600000000000000000000000e36*C1^5+17441365866942828828845693574.+.13701500000000000000000000000000e37*C1^6)^(1/2))^(1/3)*C1+583380830.*(-273096072765000000.*C1+5863087898855.+3574816500000000000.*C1^2-11700000000000000000.*C1^3+10.*(-.19610089790575523580000000000000e35*C1^3+.75605275675177787749117500000000e33*C1^2+.19210546974268500000000000000000e36*C1^4-664508553085072574205471000000.*C1-.83759835600000000000000000000000e36*C1^5+17441365866942828828845693574.+.13701500000000000000000000000000e37*C1^6)^(1/2))^(1/3)+31.*(-273096072765000000.*C1+5863087898855.+3574816500000000000.*C1^2-11700000000000000000.*C1^3+10.*(-.19610089790575523580000000000000e35*C1^3+.75605275675177787749117500000000e33*C1^2+.19210546974268500000000000000000e36*C1^4-664508553085072574205471000000.*C1-.83759835600000000000000000000000e36*C1^5+17441365866942828828845693574.+.13701500000000000000000000000000e37*C1^6)^(1/2))^(2/3)+4510686000000.*C1-373151912105.-15500000000000.*C1^2)/(-273096072765000000.*C1+5863087898855.+3574816500000000000.*C1^2-11700000000000000000.*C1^3+10.*(-.19610089790575523580000000000000e35*C1^3+.75605275675177787749117500000000e33*C1^2+.19210546974268500000000000000000e36*C1^4-664508553085072574205471000000.*C1-.83759835600000000000000000000000e36*C1^5+17441365866942828828845693574.+.13701500000000000000000000000000e37*C1^6)^(1/2))^(1/3))^(1/2)+.51004478389812569870949895877947e-1*((50000000000.*(-273096072765000000.*C1+5863087898855.+3574816500000000000.*C1^2-11700000000000000000.*C1^3+10.*(-.19610089790575523580000000000000e35*C1^3+.75605275675177787749117500000000e33*C1^2+.19210546974268500000000000000000e36*C1^4-664508553085072574205471000000.*C1-.83759835600000000000000000000000e36*C1^5+17441365866942828828845693574.+.13701500000000000000000000000000e37*C1^6)^(1/2))^(1/3)*((25000000000.*(-273096072765000000.*C1+5863087898855.+3574816500000000000.*C1^2-11700000000000000000.*C1^3+10.*(-.19610089790575523580000000000000e35*C1^3+.75605275675177787749117500000000e33*C1^2+.19210546974268500000000000000000e36*C1^4-664508553085072574205471000000.*C1-.83759835600000000000000000000000e36*C1^5+17441365866942828828845693574.+.13701500000000000000000000000000e37*C1^6)^(1/2))^(1/3)*C1^2-7638000000.*(-273096072765000000.*C1+5863087898855.+3574816500000000000.*C1^2-11700000000000000000.*C1^3+10.*(-.19610089790575523580000000000000e35*C1^3+.75605275675177787749117500000000e33*C1^2+.19210546974268500000000000000000e36*C1^4-664508553085072574205471000000.*C1-.83759835600000000000000000000000e36*C1^5+17441365866942828828845693574.+.13701500000000000000000000000000e37*C1^6)^(1/2))^(1/3)*C1+583380830.*(-273096072765000000.*C1+5863087898855.+3574816500000000000.*C1^2-11700000000000000000.*C1^3+10.*(-.19610089790575523580000000000000e35*C1^3+.75605275675177787749117500000000e33*C1^2+.19210546974268500000000000000000e36*C1^4-664508553085072574205471000000.*C1-.83759835600000000000000000000000e36*C1^5+17441365866942828828845693574.+.13701500000000000000000000000000e37*C1^6)^(1/2))^(1/3)+31.*(-273096072765000000.*C1+5863087898855.+3574816500000000000.*C1^2-11700000000000000000.*C1^3+10.*(-.19610089790575523580000000000000e35*C1^3+.75605275675177787749117500000000e33*C1^2+.19210546974268500000000000000000e36*C1^4-664508553085072574205471000000.*C1-.83759835600000000000000000000000e36*C1^5+17441365866942828828845693574.+.13701500000000000000000000000000e37*C1^6)^(1/2))^(2/3)+4510686000000.*C1-373151912105.-15500000000000.*C1^2)/(-273096072765000000.*C1+5863087898855.+3574816500000000000.*C1^2-11700000000000000000.*C1^3+10.*(-.19610089790575523580000000000000e35*C1^3+.75605275675177787749117500000000e33*C1^2+.19210546974268500000000000000000e36*C1^4-664508553085072574205471000000.*C1-.83759835600000000000000000000000e36*C1^5+17441365866942828828845693574.+.13701500000000000000000000000000e37*C1^6)^(1/2))^(1/3))^(1/2)*C1^2-15276000000.*(-273096072765000000.*C1+5863087898855.+3574816500000000000.*C1^2-11700000000000000000.*C1^3+10.*(-.19610089790575523580000000000000e35*C1^3+.75605275675177787749117500000000e33*C1^2+.19210546974268500000000000000000e36*C1^4-664508553085072574205471000000.*C1-.83759835600000000000000000000000e36*C1^5+17441365866942828828845693574.+.13701500000000000000000000000000e37*C1^6)^(1/2))^(1/3)*((25000000000.*(-273096072765000000.*C1+5863087898855.+3574816500000000000.*C1^2-11700000000000000000.*C1^3+10.*(-.19610089790575523580000000000000e35*C1^3+.75605275675177787749117500000000e33*C1^2+.19210546974268500000000000000000e36*C1^4-664508553085072574205471000000.*C1-.83759835600000000000000000000000e36*C1^5+17441365866942828828845693574.+.13701500000000000000000000000000e37*C1^6)^(1/2))^(1/3)*C1^2-7638000000.*(-273096072765000000.*C1+5863087898855.+3574816500000000000.*C1^2-11700000000000000000.*C1^3+10.*(-.19610089790575523580000000000000e35*C1^3+.75605275675177787749117500000000e33*C1^2+.19210546974268500000000000000000e36*C1^4-664508553085072574205471000000.*C1-.83759835600000000000000000000000e36*C1^5+17441365866942828828845693574.+.13701500000000000000000000000000e37*C1^6)^(1/2))^(1/3)*C1+583380830.*(-273096072765000000.*C1+5863087898855.+3574816500000000000.*C1^2-11700000000000000000.*C1^3+10.*(-.19610089790575523580000000000000e35*C1^3+.75605275675177787749117500000000e33*C1^2+.19210546974268500000000000000000e36*C1^4-664508553085072574205471000000.*C1-.83759835600000000000000000000000e36*C1^5+17441365866942828828845693574.+.13701500000000000000000000000000e37*C1^6)^(1/2))^(1/3)+31.*(-273096072765000000.*C1+5863087898855.+3574816500000000000.*C1^2-11700000000000000000.*C1^3+10.*(-.19610089790575523580000000000000e35*C1^3+.75605275675177787749117500000000e33*C1^2+.19210546974268500000000000000000e36*C1^4-664508553085072574205471000000.*C1-.83759835600000000000000000000000e36*C1^5+17441365866942828828845693574.+.13701500000000000000000000000000e37*C1^6)^(1/2))^(2/3)+4510686000000.*C1-373151912105.-15500000000000.*C1^2)/(-273096072765000000.*C1+5863087898855.+3574816500000000000.*C1^2-11700000000000000000.*C1^3+10.*(-.19610089790575523580000000000000e35*C1^3+.75605275675177787749117500000000e33*C1^2+.19210546974268500000000000000000e36*C1^4-664508553085072574205471000000.*C1-.83759835600000000000000000000000e36*C1^5+17441365866942828828845693574.+.13701500000000000000000000000000e37*C1^6)^(1/2))^(1/3))^(1/2)*C1+1166761660.*(-273096072765000000.*C1+5863087898855.+3574816500000000000.*C1^2-11700000000000000000.*C1^3+10.*(-.19610089790575523580000000000000e35*C1^3+.75605275675177787749117500000000e33*C1^2+.19210546974268500000000000000000e36*C1^4-664508553085072574205471000000.*C1-.83759835600000000000000000000000e36*C1^5+17441365866942828828845693574.+.13701500000000000000000000000000e37*C1^6)^(1/2))^(1/3)*((25000000000.*(-273096072765000000.*C1+5863087898855.+3574816500000000000.*C1^2-11700000000000000000.*C1^3+10.*(-.19610089790575523580000000000000e35*C1^3+.75605275675177787749117500000000e33*C1^2+.19210546974268500000000000000000e36*C1^4-664508553085072574205471000000.*C1-.83759835600000000000000000000000e36*C1^5+17441365866942828828845693574.+.13701500000000000000000000000000e37*C1^6)^(1/2))^(1/3)*C1^2-7638000000.*(-273096