function [P,s] = samcurve9punt7(C1)
Pr=[

8064.5161290322580645161290322581*C1-1048.2258064516129032258064516129+.51004478389812569870949895877947e-1*((25000000000.*(-197727918825000000.*C1+4301565028355.+3041764500000000000.*C1^2-11700000000000000000.*C1^3+80.*(-.18875914013757205906250000000000e33*C1^3+6192741388895609377121484375000.*C1^2+.21731763017875781250000000000000e34*C1^4-4682020988018761666402781250.*C1-.11135833406250000000000000000000e35*C1^5+105097485144998910477170246.+.21408593750000000000000000000000e35*C1^6)^(1/2))^(1/3)*C1^2-6499000000.*(-197727918825000000.*C1+4301565028355.+3041764500000000000.*C1^2-11700000000000000000.*C1^3+80.*(-.18875914013757205906250000000000e33*C1^3+6192741388895609377121484375000.*C1^2+.21731763017875781250000000000000e34*C1^4-4682020988018761666402781250.*C1-.11135833406250000000000000000000e35*C1^5+105097485144998910477170246.+.21408593750000000000000000000000e35*C1^6)^(1/2))^(1/3)*C1+422360400.*(-197727918825000000.*C1+4301565028355.+3041764500000000000.*C1^2-11700000000000000000.*C1^3+80.*(-.18875914013757205906250000000000e33*C1^3+6192741388895609377121484375000.*C1^2+.21731763017875781250000000000000e34*C1^4-4682020988018761666402781250.*C1-.11135833406250000000000000000000e35*C1^5+105097485144998910477170246.+.21408593750000000000000000000000e35*C1^6)^(1/2))^(1/3)+31.*(-197727918825000000.*C1+4301565028355.+3041764500000000000.*C1^2-11700000000000000000.*C1^3+80.*(-.18875914013757205906250000000000e33*C1^3+6192741388895609377121484375000.*C1^2+.21731763017875781250000000000000e34*C1^4-4682020988018761666402781250.*C1-.11135833406250000000000000000000e35*C1^5+105097485144998910477170246.+.21408593750000000000000000000000e35*C1^6)^(1/2))^(2/3)+3804506000000.*C1-271611702265.-15500000000000.*C1^2)/(-197727918825000000.*C1+4301565028355.+3041764500000000000.*C1^2-11700000000000000000.*C1^3+80.*(-.18875914013757205906250000000000e33*C1^3+6192741388895609377121484375000.*C1^2+.21731763017875781250000000000000e34*C1^4-4682020988018761666402781250.*C1-.11135833406250000000000000000000e35*C1^5+105097485144998910477170246.+.21408593750000000000000000000000e35*C1^6)^(1/2))^(1/3))^(1/2)+.51004478389812569870949895877947e-1*((50000000000.*(-197727918825000000.*C1+4301565028355.+3041764500000000000.*C1^2-11700000000000000000.*C1^3+80.*(-.18875914013757205906250000000000e33*C1^3+6192741388895609377121484375000.*C1^2+.21731763017875781250000000000000e34*C1^4-4682020988018761666402781250.*C1-.11135833406250000000000000000000e35*C1^5+105097485144998910477170246.+.21408593750000000000000000000000e35*C1^6)^(1/2))^(1/3)*((25000000000.*(-197727918825000000.*C1+4301565028355.+3041764500000000000.*C1^2-11700000000000000000.*C1^3+80.*(-.18875914013757205906250000000000e33*C1^3+6192741388895609377121484375000.*C1^2+.21731763017875781250000000000000e34*C1^4-4682020988018761666402781250.*C1-.11135833406250000000000000000000e35*C1^5+105097485144998910477170246.+.21408593750000000000000000000000e35*C1^6)^(1/2))^(1/3)*C1^2-6499000000.*(-197727918825000000.*C1+4301565028355.+3041764500000000000.*C1^2-11700000000000000000.*C1^3+80.*(-.18875914013757205906250000000000e33*C1^3+6192741388895609377121484375000.*C1^2+.21731763017875781250000000000000e34*C1^4-4682020988018761666402781250.*C1-.11135833406250000000000000000000e35*C1^5+105097485144998910477170246.+.21408593750000000000000000000000e35*C1^6)^(1/2))^(1/3)*C1+422360400.*(-197727918825000000.*C1+4301565028355.+3041764500000000000.*C1^2-11700000000000000000.*C1^3+80.*(-.18875914013757205906250000000000e33*C1^3+6192741388895609377121484375000.*C1^2+.21731763017875781250000000000000e34*C1^4-4682020988018761666402781250.*C1-.11135833406250000000000000000000e35*C1^5+105097485144998910477170246.+.21408593750000000000000000000000e35*C1^6)^(1/2))^(1/3)+31.*(-197727918825000000.*C1+4301565028355.+3041764500000000000.*C1^2-11700000000000000000.*C1^3+80.*(-.18875914013757205906250000000000e33*C1^3+6192741388895609377121484375000.*C1^2+.21731763017875781250000000000000e34*C1^4-4682020988018761666402781250.*C1-.11135833406250000000000000000000e35*C1^5+105097485144998910477170246.+.21408593750000000000000000000000e35*C1^6)^(1/2))^(2/3)+3804506000000.*C1-271611702265.-15500000000000.*C1^2)/(-197727918825000000.*C1+4301565028355.+3041764500000000000.*C1^2-11700000000000000000.*C1^3+80.*(-.18875914013757205906250000000000e33*C1^3+6192741388895609377121484375000.*C1^2+.21731763017875781250000000000000e34*C1^4-4682020988018761666402781250.*C1-.11135833406250000000000000000000e35*C1^5+105097485144998910477170246.+.21408593750000000000000000000000e35*C1^6)^(1/2))^(1/3))^(1/2)*C1^2-12998000000.*(-197727918825000000.*C1+4301565028355.+3041764500000000000.*C1^2-11700000000000000000.*C1^3+80.*(-.18875914013757205906250000000000e33*C1^3+6192741388895609377121484375000.*C1^2+.21731763017875781250000000000000e34*C1^4-4682020988018761666402781250.*C1-.11135833406250000000000000000000e35*C1^5+105097485144998910477170246.+.21408593750000000000000000000000e35*C1^6)^(1/2))^(1/3)*((25000000000.*(-197727918825000000.*C1+4301565028355.+3041764500000000000.*C1^2-11700000000000000000.*C1^3+80.*(-.18875914013757205906250000000000e33*C1^3+6192741388895609377121484375000.*C1^2+.21731763017875781250000000000000e34*C1^4-4682020988018761666402781250.*C1-.11135833406250000000000000000000e35*C1^5+105097485144998910477170246.+.21408593750000000000000000000000e35*C1^6)^(1/2))^(1/3)*C1^2-6499000000.*(-197727918825000000.*C1+4301565028355.+3041764500000000000.*C1^2-11700000000000000000.*C1^3+80.*(-.18875914013757205906250000000000e33*C1^3+6192741388895609377121484375000.*C1^2+.21731763017875781250000000000000e34*C1^4-4682020988018761666402781250.*C1-.11135833406250000000000000000000e35*C1^5+105097485144998910477170246.+.21408593750000000000000000000000e35*C1^6)^(1/2))^(1/3)*C1+422360400.*(-197727918825000000.*C1+4301565028355.+3041764500000000000.*C1^2-11700000000000000000.*C1^3+80.*(-.18875914013757205906250000000000e33*C1^3+6192741388895609377121484375000.*C1^2+.21731763017875781250000000000000e34*C1^4-4682020988018761666402781250.*C1-.11135833406250000000000000000000e35*C1^5+105097485144998910477170246.+.21408593750000000000000000000000e35*C1^6)^(1/2))^(1/3)+31.*(-197727918825000000.*C1+4301565028355.+3041764500000000000.*C1^2-11700000000000000000.*C1^3+80.*(-.18875914013757205906250000000000e33*C1^3+6192741388895609377121484375000.*C1^2+.21731763017875781250000000000000e34*C1^4-4682020988018761666402781250.*C1-.11135833406250000000000000000000e35*C1^5+105097485144998910477170246.+.21408593750000000000000000000000e35*C1^6)^(1/2))^(2/3)+3804506000000.*C1-271611702265.-15500000000000.*C1^2)/(-197727918825000000.*C1+4301565028355.+3041764500000000000.*C1^2-11700000000000000000.*C1^3+80.*(-.18875914013757205906250000000000e33*C1^3+6192741388895609377121484375000.*C1^2+.21731763017875781250000000000000e34*C1^4-4682020988018761666402781250.*C1-.11135833406250000000000000000000e35*C1^5+105097485144998910477170246.+.21408593750000000000000000000000e35*C1^6)^(1/2))^(1/3))^(1/2)*C1+844720800.*(-197727918825000000.*C1+4301565028355.+3041764500000000000.*C1^2-11700000000000000000.*C1^3+80.*(-.18875914013757205906250000000000e33*C1^3+6192741388895609377121484375000.*C1^2+.21731763017875781250000000000000e34*C1^4-4682020988018761666402781250.*C1-.11135833406250000000000000000000e35*C1^5+105097485144998910477170246.+.21408593750000000000000000000000e35*C1^6)^(1/2))^(1/3)*((25000000000.*(-197727918825000000.*C1+4301565028355.+3041764500000000000.*C1^2-11700000000000000000.*C1^3+80.*(-.18875914013757205906250000000000e33*C1^3+6192741388895609377121484375000.*C1^2+.21731763017875781250000000000000e34*C1^4-4682020988018761666402781250.*C1-.11135833406250000000000000000000e35*C1^5+105097485144998910477170246.+.21408593750000000000000000000000e35*C1^6)^(1/2))^(1/3)*C1^2-6499000000.*(-197727918825000000.*C1+4301565028355.+3041764500000000000.*C1^2-11700000000000000000.*C1^3+80.*(-.18875914013757205906250000000000e33*C1^3+619274138889560937712