function [P,s] = samcurve11punt1(C1)
Pr=[

8064.5161290322580645161290322581*C1-1199.5161290322580645161290322581+.51004478389812569870949895877947e-1*((25000000000.*(-258913452465000000.*C1+5569991005355.+3480748500000000000.*C1^2-11700000000000000000.*C1^3+20.*(-.45255894557800554450000000000000e34*C1^3+.16989134179666150080264375000000e33*C1^2+.45531946018871250000000000000000e35*C1^4-145635931849691312820234000000.*C1-.20388907350000000000000000000000e36*C1^5+3724857917415716280276080646.+.34253750000000000000000000000000e36*C1^6)^(1/2))^(1/3)*C1^2-7437000000.*(-258913452465000000.*C1+5569991005355.+3480748500000000000.*C1^2-11700000000000000000.*C1^3+20.*(-.45255894557800554450000000000000e34*C1^3+.16989134179666150080264375000000e33*C1^2+.45531946018871250000000000000000e35*C1^4-145635931849691312820234000000.*C1-.20388907350000000000000000000000e36*C1^5+3724857917415716280276080646.+.34253750000000000000000000000000e36*C1^6)^(1/2))^(1/3)*C1+553080080.*(-258913452465000000.*C1+5569991005355.+3480748500000000000.*C1^2-11700000000000000000.*C1^3+20.*(-.45255894557800554450000000000000e34*C1^3+.16989134179666150080264375000000e33*C1^2+.45531946018871250000000000000000e35*C1^4-145635931849691312820234000000.*C1-.20388907350000000000000000000000e36*C1^5+3724857917415716280276080646.+.34253750000000000000000000000000e36*C1^6)^(1/2))^(1/3)+31.*(-258913452465000000.*C1+5569991005355.+3480748500000000000.*C1^2-11700000000000000000.*C1^3+20.*(-.45255894557800554450000000000000e34*C1^3+.16989134179666150080264375000000e33*C1^2+.45531946018871250000000000000000e35*C1^4-145635931849691312820234000000.*C1-.20388907350000000000000000000000e36*C1^5+3724857917415716280276080646.+.34253750000000000000000000000000e36*C1^6)^(1/2))^(2/3)+4386066000000.*C1-354064115945.-15500000000000.*C1^2)/(-258913452465000000.*C1+5569991005355.+3480748500000000000.*C1^2-11700000000000000000.*C1^3+20.*(-.45255894557800554450000000000000e34*C1^3+.16989134179666150080264375000000e33*C1^2+.45531946018871250000000000000000e35*C1^4-145635931849691312820234000000.*C1-.20388907350000000000000000000000e36*C1^5+3724857917415716280276080646.+.34253750000000000000000000000000e36*C1^6)^(1/2))^(1/3))^(1/2)+.51004478389812569870949895877947e-1*((50000000000.*(-258913452465000000.*C1+5569991005355.+3480748500000000000.*C1^2-11700000000000000000.*C1^3+20.*(-.45255894557800554450000000000000e34*C1^3+.16989134179666150080264375000000e33*C1^2+.45531946018871250000000000000000e35*C1^4-145635931849691312820234000000.*C1-.20388907350000000000000000000000e36*C1^5+3724857917415716280276080646.+.34253750000000000000000000000000e36*C1^6)^(1/2))^(1/3)*((25000000000.*(-258913452465000000.*C1+5569991005355.+3480748500000000000.*C1^2-11700000000000000000.*C1^3+20.*(-.45255894557800554450000000000000e34*C1^3+.16989134179666150080264375000000e33*C1^2+.45531946018871250000000000000000e35*C1^4-145635931849691312820234000000.*C1-.20388907350000000000000000000000e36*C1^5+3724857917415716280276080646.+.34253750000000000000000000000000e36*C1^6)^(1/2))^(1/3)*C1^2-7437000000.*(-258913452465000000.*C1+5569991005355.+3480748500000000000.*C1^2-11700000000000000000.*C1^3+20.*(-.45255894557800554450000000000000e34*C1^3+.16989134179666150080264375000000e33*C1^2+.45531946018871250000000000000000e35*C1^4-145635931849691312820234000000.*C1-.20388907350000000000000000000000e36*C1^5+3724857917415716280276080646.+.34253750000000000000000000000000e36*C1^6)^(1/2))^(1/3)*C1+553080080.*(-258913452465000000.*C1+5569991005355.+3480748500000000000.*C1^2-11700000000000000000.*C1^3+20.*(-.45255894557800554450000000000000e34*C1^3+.16989134179666150080264375000000e33*C1^2+.45531946018871250000000000000000e35*C1^4-145635931849691312820234000000.*C1-.20388907350000000000000000000000e36*C1^5+3724857917415716280276080646.+.34253750000000000000000000000000e36*C1^6)^(1/2))^(1/3)+31.*(-258913452465000000.*C1+5569991005355.+3480748500000000000.*C1^2-11700000000000000000.*C1^3+20.*(-.45255894557800554450000000000000e34*C1^3+.16989134179666150080264375000000e33*C1^2+.45531946018871250000000000000000e35*C1^4-145635931849691312820234000000.*C1-.20388907350000000000000000000000e36*C1^5+3724857917415716280276080646.+.34253750000000000000000000000000e36*C1^6)^(1/2))^(2/3)+4386066000000.*C1-354064115945.-15500000000000.*C1^2)/(-258913452465000000.*C1+5569991005355.+3480748500000000000.*C1^2-11700000000000000000.*C1^3+20.*(-.45255894557800554450000000000000e34*C1^3+.16989134179666150080264375000000e33*C1^2+.45531946018871250000000000000000e35*C1^4-145635931849691312820234000000.*C1-.20388907350000000000000000000000e36*C1^5+3724857917415716280276080646.+.34253750000000000000000000000000e36*C1^6)^(1/2))^(1/3))^(1/2)*C1^2-14874000000.*(-258913452465000000.*C1+5569991005355.+3480748500000000000.*C1^2-11700000000000000000.*C1^3+20.*(-.45255894557800554450000000000000e34*C1^3+.16989134179666150080264375000000e33*C1^2+.45531946018871250000000000000000e35*C1^4-145635931849691312820234000000.*C1-.20388907350000000000000000000000e36*C1^5+3724857917415716280276080646.+.34253750000000000000000000000000e36*C1^6)^(1/2))^(1/3)*((25000000000.*(-258913452465000000.*C1+5569991005355.+3480748500000000000.*C1^2-11700000000000000000.*C1^3+20.*(-.45255894557800554450000000000000e34*C1^3+.16989134179666150080264375000000e33*C1^2+.45531946018871250000000000000000e35*C1^4-145635931849691312820234000000.*C1-.20388907350000000000000000000000e36*C1^5+3724857917415716280276080646.+.34253750000000000000000000000000e36*C1^6)^(1/2))^(1/3)*C1^2-7437000000.*(-258913452465000000.*C1+5569991005355.+3480748500000000000.*C1^2-11700000000000000000.*C1^3+20.*(-.45255894557800554450000000000000e34*C1^3+.16989134179666150080264375000000e33*C1^2+.45531946018871250000000000000000e35*C1^4-145635931849691312820234000000.*C1-.20388907350000000000000000000000e36*C1^5+3724857917415716280276080646.+.34253750000000000000000000000000e36*C1^6)^(1/2))^(1/3)*C1+553080080.*(-258913452465000000.*C1+5569991005355.+3480748500000000000.*C1^2-11700000000000000000.*C1^3+20.*(-.45255894557800554450000000000000e34*C1^3+.16989134179666150080264375000000e33*C1^2+.45531946018871250000000000000000e35*C1^4-145635931849691312820234000000.*C1-.20388907350000000000000000000000e36*C1^5+3724857917415716280276080646.+.34253750000000000000000000000000e36*C1^6)^(1/2))^(1/3)+31.*(-258913452465000000.*C1+5569991005355.+3480748500000000000.*C1^2-11700000000000000000.*C1^3+20.*(-.45255894557800554450000000000000e34*C1^3+.16989134179666150080264375000000e33*C1^2+.45531946018871250000000000000000e35*C1^4-145635931849691312820234000000.*C1-.20388907350000000000000000000000e36*C1^5+3724857917415716280276080646.+.34253750000000000000000000000000e36*C1^6)^(1/2))^(2/3)+4386066000000.*C1-354064115945.-15500000000000.*C1^2)/(-258913452465000000.*C1+5569991005355.+3480748500000000000.*C1^2-11700000000000000000.*C1^3+20.*(-.45255894557800554450000000000000e34*C1^3+.16989134179666150080264375000000e33*C1^2+.45531946018871250000000000000000e35*C1^4-145635931849691312820234000000.*C1-.20388907350000000000000000000000e36*C1^5+3724857917415716280276080646.+.34253750000000000000000000000000e36*C1^6)^(1/2))^(1/3))^(1/2)*C1+1106160160.*(-258913452465000000.*C1+5569991005355.+3480748500000000000.*C1^2-11700000000000000000.*C1^3+20.*(-.45255894557800554450000000000000e34*C1^3+.16989134179666150080264375000000e33*C1^2+.45531946018871250000000000000000e35*C1^4-145635931849691312820234000000.*C1-.20388907350000000000000000000000e36*C1^5+3724857917415716280276080646.+.34253750000000000000000000000000e36*C1^6)^(1/2))^(1/3)*((25000000000.*(-258913452465000000.*C1+5569991005355.+3480748500000000000.*C1^2-11700000000000000000.*C1^3+20.*(-.45255894557800554450000000000000e34*C1^3+.16989134179666150080264375000000e33*C1^2+.45531946018871250000000000000000e35*C1^4-145635931849691312820234000000.*C1-.20388907350000000000000000000000e36*C1^5+3724857917415716280276080646.+.34253750000000000000000000000000e36*C1^6)^(1/2))^(1/3)*C1^2-7437000000.*(-258913452465000000.*C1+55